0.139
0.178
-0.305
-0.678
-0.694
0.723
0.917
-1.143
-1.163
-1.22
-1.281
-1.528
2.653
-3.053
-5.267
0.341
-0.422
0.731
0.831
0.839
-0.843
0.857
1.17
-1.183
-1.323
-1.558
1.601
-1.901
-2.2
-3.485
-0.007
0.154
-0.154
-0.474
-0.57
-0.917
1.298
1.742
2.318
2.97
-2.989
-3.038
-3.334
4.179
-5.903
-0.004
0.062
-0.084
-0.116
-0.148
-0.307
-0.512
-0.781
1.307
1.635
-1.839
1.879
2.409
-2.809
-3.036
0.116
-0.214
-0.31
0.388
-0.468
0.57
0.57
-0.615
0.73
0.744
-0.82
-1.101
-1.458
1.468
-1.567
0.03
-0.059
0.103
-0.249
-0.255
-0.341
0.445
-0.533
0.817
0.905
0.986
1.368
-1.738
-1.997
2.029
-0.063
0.144
0.213
-0.259
-1.26
1.404
-1.7
2.053
-2.25
2.692
-2.752
-3.425
3.431
-4.3
-6.407
-0.012
-0.26
-0.336
0.51
-0.531
-0.629
-0.755
-1.08
1.142
-1.148
-1.343
-1.371
-1.456
-1.775
-2.178
2.491
-0.032
-0.311
-0.406
-0.532
0.632
-0.634
-0.705
0.72
-0.739
0.902
-2.245
2.797
-3.312
-3.651
-5.623
-0.536
0.794
-1.809
-1.963
-2.115
-2.415
-2.62
2.701
-3.521
-3.859
-4.771
5.196
-6.241
-7.235
9.056
-0.219
0.768
1.335
-2.135
-2.145
2.192
2.332
2.402
-2.982
3.093
-3.757
3.842
-4.72
5.097
5.123
0.002
-0.339
-0.347
-0.692
0.851
1.049
1.857
2.276
-2.423
2.597
2.748
3.441
-3.65
4.308
8.588
-0.498
0.737
-0.913
1.154
1.179
-1.396
1.465
1.751
-1.798
1.924
2.655
3.702
-4.718
6.367
-6.778
-0.161
-0.175
0.225
0.311
-0.338
-0.339
-0.393
0.437
-0.618
-0.981
1.059
1.215
1.777
1.79
-2.029
-0.056
-0.069
-0.074
0.227
0.445
0.531
-1.284
1.293
-1.333
1.612
2.423
2.57
-3.535
-3.717
5.191
0.155
0.27
0.277
-0.382
0.455
0.613
-0.635
-0.709
0.74
-1.145
1.256
1.795
2.829
2.836
5.715
0.079
-0.239
0.318
0.573
-0.605
-0.649
-0.671
1.247
-1.274
-1.577
-1.602
-1.796
-2.952
-2.99
4.042
0.339
0.517
-0.526
0.916
1.019
-1.942
2.013
2.179
2.679
-2.766
-3.069
-3.301
4.696
-5.067
5.373
0.083
0.589
0.636
-0.744
0.911
0.927
1.131
1.312
1.338
-1.451
-1.953
2.242
-2.481
-2.715
4.368
0.026
-0.126
0.207
-0.468
-0.651
1.232
1.248
1.589
-1.592
-1.613
1.648
-1.717
2.587
-2.757
-3.276
0.02
0.675
-0.813
0.872
-0.901
-1.505
2.011
-2.317
3.187
-3.246
3.559
-3.617
-3.753
-9.572
-0.142
-0.23
-0.925
-0.973
1.046
1.051
1.093
1.1
-1.148
-1.912
-2.192
2.379
3.362
-0.082
-0.167
-0.42
0.455
0.485
-1.009
1.39
-1.437
-1.501
1.56
-1.604
-1.822
-4.091
4.639
-5.041
0.002
0.309
0.376
0.508
-0.955
-0.986
1.117
1.147
-1.429
-2.152
3.444
3.844
-3.988
4.175
4.967
0.054
0.246
0.54
-0.853
-0.925
-0.985
1.251
1.535
1.78
-1.854
-2.738
-3.056
4.578
4.749
-5.478
-0.093
0.3
-0.333
0.502
0.629
-0.641
-0.721
-1.299
1.8
-1.948
-3.268
3.389
3.405
-3.475
6.04
-0.245
0.636
-0.679
-1.064
-1.16
1.384
1.653
2.12
2.195
2.42
2.566
-3.912
-3.967
-4.665
-5.437
0.177
0.399
0.759
1.379
-1.405
1.581
1.601
1.855
-1.863
2.008
-2.475
2.762
-3.361
-4.519
6.184
-0.16
-0.256
-0.568
-0.841
1.342
1.391
-1.572
1.671
-2.05
-2.19
2.827
2.974
3.374
4.211
4.754
0.082
0.305
-0.511
0.605
-0.745
-1.14
-1.156
1.254
1.417
1.43
-2.474
-4.173
4.436
7.771
-0.323
0.651
-0.789
0.95
-1.097
1.226
1.49
-1.494
1.519
1.574
2.139
-2.162
2.471
-3.667
4.588
-0.18
0.233
-0.303
0.365
0.427
-0.483
1.236
1.351
1.451
1.554
1.648
-1.66
1.847
-2.124
3.699
0.19
0.351
-0.383
-0.388
0.438
0.718
-0.734
0.839
0.84
-0.867
0.883
0.927
0.954
1.039
-1.12
0.145
0.466
0.579
0.579
-0.953
0.976
-1.101
-1.445
1.472
1.727
1.966
3.244
-3.326
3.457
6.154
0.1
-0.665
0.685
0.7
0.701
0.963
1.155
1.361
1.838
1.844
2.359
3.351
3.377
6.096
-6.127
0.25
0.335
0.422
0.612
1.24
-1.74
1.923
-2.444
-2.624
2.791
-3.038
-3.041
3.378
-3.834
3.86
0.189
0.208
0.797
-0.86
-1.06
1.153
-1.323
-1.409
-1.753
-2.207
2.844
2.862
3.075
-3.43
3.665
0.167
-0.324
0.655
-0.658
0.83
-1.273
1.289
1.354
1.548
1.792
1.833
-2.303
4.464
5.215
6.38
-0.201
0.545
1.405
-1.427
-1.449
-1.578
2.39
2.678
3.186
3.582
-3.635
-3.727
4.716
-5.915
7.628
-0.121
0.306
-0.582
-0.766
0.78
-1.3
1.828
1.956
2.061
2.439
2.678
-3.446
3.461
4.851
6.351
-0.117
0.178
-0.378
0.406
0.499
0.626
0.681
-0.796
-0.818
0.904
-1.096
-1.26
-1.662
1.753
1.772
-0.15
0.239
0.41
0.481
0.683
-0.741
-0.881
-1.126
-1.226
1.909
2.623
3.11
4.483
8.593
-11.04
1.475
2.194
-2.824
3.085
4.043
4.455
-4.499
-5.199
6.278
-6.985
-7.188
-9.715
0.097
0.216
0.535
0.724
-1.146
1.424
1.487
2.358
-3.207
3.635
4.126
-4.625
-4.772
6.797
-11.892
-0.068
-0.16
-0.216
-0.65
0.738
-0.901
-1.099
-1.195
1.36
1.553
1.558
1.686
2.159
2.23
-2.504
0.249
0.469
-0.832
-0.854
-1.5
1.505
-1.614
1.759
1.882
1.914
-1.916
1.984
2.24
2.554
6.381
0.02
0.178
-0.283
-0.588
0.596
0.742
-0.826
0.886
0.915
0.934
0.953
-0.996
-1.279
-1.66
2.386
0.004
-0.007
-0.158
-0.186
-0.231
-0.275
-0.293
-0.399
-0.611
0.636
0.887
-0.98
1.325
1.356
-1.383
-0.074
-0.081
-0.262
-0.399
-0.435
0.488
-0.605
0.809
0.958
1.015
1.219
1.363
1.761
2.023
2.924
0.036
0.115
0.152
-0.357
0.413
-0.461
0.787
-0.951
1.055
-1.135
1.224
1.235
1.815
1.846
2.42
0.149
0.189
-0.195
-0.823
-1.041
1.298
-1.516
1.592
2.325
2.609
-2.776
3.815
4.587
4.893
5.536
-0.067
0.079
-0.133
-0.217
-0.628
-0.714
-1.265
1.304
-1.549
1.654
1.969
-2.415
3.187
-3.624
-4.302
0.247
0.385
-1.087
1.152
1.176
-1.196
-1.332
-1.492
-1.526
-2.611
2.618
3.081
-3.784
-4.755
5.796
0.054
-0.084
-0.141
0.277
-0.41
0.551
0.597
0.771
0.874
1.26
-1.283
-1.406
-1.466
1.592
3.662
-0.045
0.294
0.334
-0.402
-0.612
0.668
0.808
-0.983
1.059
-1.177
1.496
1.754
4.14
-4.237
5.049
0.035
0.266
0.479
-0.853
0.9
1.05
1.311
1.453
-1.586
2.129
2.916
3.057
-3.532
-7.28
-10.643
-0.127
-0.163
-0.195
0.393
-0.44
-0.769
0.994
1.133
-1.154
-1.514
-1.578
1.654
1.913
-2.59
-3.093
-0.056
0.697
-0.886
0.963
0.99
1.065
1.207
1.607
1.798
2.933
3.533
-3.632
3.853
3.867
6.595
0.246
0.398
-0.677
-0.893
1.054
1.86
2.14
2.693
3.256
3.27
4.055
-4.105
4.206
4.242
4.781
-0.346
-0.463
-0.595
0.653
0.96
-1.504
1.52
1.572
-2.033
-2.189
-2.283
-2.429
2.839
3.825
-3.976
0.009
0.942
-0.995
1.194
-1.219
-1.792
2.068
-2.165
2.39
-2.9
3.13
3.931
4.662
4.748
-5.129
0.238
-0.352
1.076
1.271
-1.315
1.906
-2.175
-2.321
3.655
3.926
7.15
-0.074
0.165
-0.52
0.569
0.666
0.672
0.931
1.068
1.172
1.184
1.227
1.471
2.017
-2.71
5.707
0.34
0.586
0.671
0.711
-0.886
-1.144
1.145
1.28
-1.464
1.601
-3.094
-3.136
3.595
4.36
4.492
-0.121
0.246
0.523
-0.554
-0.727
-0.755
-1.189
-1.41
1.589
-1.613
3.697
3.729
4.834
5.61
7.174
0.132
0.648
-0.685
1.121
-1.193
1.621
1.831
-1.97
-1.982
2.416
2.674
3.641
3.715
-5.298
5.564
-0.031
0.345
-0.467
0.471
-0.504
1.235
-1.25
-1.4
1.927
-2.531
2.6
2.717
-3.293
-4.262
-4.715
-0.004
0.129
-0.162
0.866
-0.992
-0.996
1.135
1.93
2.103
-2.493
2.777
2.853
-2.854
-3.461
3.947
-0.449
-0.642
0.908
1.034
1.151
-1.495
2.104
2.186
2.692
3.047
-3.325
3.659
3.964
4.905
-6.07
0.223
0.302
-0.774
0.824
-0.949
1.046
-1.083
-1.281
2.202
2.681
3.264
3.475
-4.233
-5.039
-6.909
