Rodent_Pred	Forest cover 1500m	Forest cover 100m	Forest cover 500m	Frag_Area	EuDistMatrix	Edge_Dist	D.A.P.	N.Fruits
53	0.2926646389	0.5778449785	0.9381128231	179.93	200.71	25	19.4169030572	1603
272	0.2926646389	0.5778449785	0.9381128231	179.93	200.71	47	23.8732414638	835
2	0.2926646389	0.5778449785	0.9381128231	179.93	200.71	102	20.5309876589	751
98	0.2926646389	0.5778449785	0.9381128231	179.93	200.71	272	21.1676074312	3537
0	0.2926646389	0.5778449785	0.9381128231	19.46	67.44	322	20.6901426019	35
0	0.2926646389	0.5778449785	0.9381128231	19.46	67.44	8	21.0084524881	21
0	0.2926646389	0.5778449785	0.9381128231	19.46	67.44	20	15.597184423	247
2	0.2926646389	0.5778449785	0.9381128231	179.93	200.71	56	17.8253536263	474
0	0.2926646389	0.5778449785	0.9381128231	179.93	200.71	45	14.8809871791	98
0	0.2926646389	0.5778449785	0.9381128231	179.93	200.71	83	19.7352129434	1231
18	0.2926646389	0.5778449785	0.9381128231	179.93	200.71	255	18.6211283418	288
0	0.2926646389	0.5778449785	0.9381128231	179.93	200.71	154	17.9845085694	429
6	0.0846572823	0.1579500239	0.4859289444	49.62	89.47	64	20.2126777727	84
0	0.0846572823	0.1579500239	0.4859289444	49.62	89.47	77	20.0535228296	284
11	0.0846572823	0.1579500239	0.4859289444	49.62	89.47	63	19.2577481141	411
229	0.0846572823	0.1579500239	0.4859289444	49.62	89.47	15	20.5309876589	2177
2	0.0846572823	0.1579500239	0.4859289444	49.62	89.47	184	20.849297545	511
3	0.0846572823	0.1579500239	0.4859289444	49.62	89.47	63	19.4169030572	1026
96	0.0287189644	0.0525863441	0.2099834458	16.49	50	23	23.8732414638	1140
11	0.0287189644	0.0525863441	0.2099834458	16.49	50	24	25.7831007809	1880
95	0.0287189644	0.0525863441	0.2099834458	16.49	50	27	21.0084524881	921
36	0.0287189644	0.0525863441	0.2099834458	16.49	50	33	22.600001919	8170
6	0.2210087006	0.1869489098	0.4817267286	44.91	NA	20	22.7591568621	449
6	0.2210087006	0.1869489098	0.4817267286	44.91	NA	93	23.5549315776	507
41	0.2210087006	0.1869489098	0.4817267286	44.91	NA	44	29.9211293013	710
30	0.2210087006	0.1869489098	0.4817267286	44.91	NA	52	22.9183118052	1891
3	0.2210087006	0.1869489098	0.4817267286	44.91	NA	104	25.7831007809	1233
11	0.2210087006	0.1869489098	0.4817267286	44.91	NA	51	23.2366216914	1145
1	0.3409209875	0.6420181442	0.9443524768	332.62	155.66	314	18.7802832848	1538
2	0.3409209875	0.6420181442	0.9443524768	332.62	155.66	526	16.0746492523	777
1	0.3409209875	0.6420181442	0.9443524768	332.62	155.66	233	16.5521140816	619
19	0.3409209875	0.6420181442	0.9443524768	332.62	155.66	28	32.7859182769	739
2	0.3409209875	0.6420181442	0.9443524768	332.62	155.66	517	19.8943678865	645
119	0.3409209875	0.6420181442	0.9443524768	332.62	155.66	84	22.440846976	2240
1	0.3409209875	0.6420181442	0.9443524768	332.62	155.66	13	21.3267623743	1554
0	0.3409209875	0.6420181442	0.9443524768	332.62	155.66	11	19.5760580003	2135
2	0.3409209875	0.6420181442	0.9443524768	332.62	155.66	428	16.5521140816	772
217	0.0499681686	0.0836861372	0.3105819432	20.68	76.34	24	21.3267623743	2805
210	0.0499681686	0.0836861372	0.3105819432	20.68	76.34	10	26.7380304394	972
166	0.0499681686	0.0836861372	0.3105819432	20.68	76.34	15	16.2338041954	2767
20	0.0499681686	0.0836861372	0.3105819432	20.68	76.34	12	18.1436635125	2217
237	0.0499681686	0.0836861372	0.3105819432	3.73	19.39	3	21.6450722605	2044
25	0.0499681686	0.0836861372	0.3105819432	3.73	19.39	2	21.6450722605	2639
393	0.6165098677	0.7479866306	0.8867948555	652.52	NA	251	21.0084524881	2478
995	0.6165098677	0.7479866306	0.8867948555	652.52	NA	170	21.0084524881	4361
0	0.6165098677	0.7479866306	0.8867948555	652.52	NA	103	19.7352129434	723
36	0.6165098677	0.7479866306	0.8867948555	652.52	NA	14	20.0535228296	3716
13	0.6165098677	0.7479866306	0.8867948555	652.52	NA	354	21.4859173174	1701
1	0.6165098677	0.7479866306	0.8867948555	652.52	NA	166	22.1225370898	524
583	0.6165098677	0.7479866306	0.8867948555	652.52	NA	15	18.4619733987	6137
161	0.6165098677	0.7479866306	0.8867948555	652.52	NA	48	22.2816920329	5499
0	0.0702836528	0.1277096928	0.2506048644	37.39	52.6	15	18.7802832848	568
0	0.0702836528	0.1277096928	0.2506048644	37.39	52.6	47	19.5760580003	284
1	0.0702836528	0.1277096928	0.2506048644	37.39	52.6	14	18.1436635125	3186
1	0.0702836528	0.1277096928	0.2506048644	37.39	52.6	19	28.0112699842	322
0	0.0702836528	0.1277096928	0.2506048644	37.39	52.6	12	24.9873260654	1120
0	0.0702836528	0.1277096928	0.2506048644	37.39	52.6	6	24.0323964069	1897
7	0.3635990663	0.589049817	0.9624347383	280.64	152.1	11	19.5760580003	2098
12	0.3635990663	0.589049817	0.9624347383	280.64	152.1	18	26.1014106671	1087
37	0.3635990663	0.589049817	0.9624347383	280.64	152.1	42	20.2126777727	689
0	0.3635990663	0.589049817	0.9624347383	280.64	152.1	102	18.1436635125	485
0	0.3635990663	0.589049817	0.9624347383	280.64	152.1	173	20.0535228296	202
335	0.0205559878	0.0394079261	0.0110785687	4.13	16.59	9	22.440846976	945
159	0.0689821037	0.0421773038	0.0525913664	0.64	29.68	18	18.4619733987	1594
1001	0.0689821037	0.0421773038	0.0525913664	0.64	29.68	0	25.7831007809	2229
2	0.0293272972	0.0374343466	0.0671081115	3.07	29.29	2	26.1014106671	564
13	0.0293272972	0.0374343466	0.0671081115	3.07	29.29	9	16.3929591385	128
1	0.7150597722	0.9385007162	0.9988539412	3440.82	402.19	15	23.3957766345	2533
0	0.7150597722	0.9385007162	0.9988539412	3440.82	402.19	828	18.4619733987	925
0	0.7150597722	0.9385007162	0.9988539412	3440.82	402.19	560	20.0535228296	111
0	0.7150597722	0.9385007162	0.9988539412	3440.82	402.19	560	23.2366216914	690
3	0.7150597722	0.9385007162	0.9988539412	3440.82	402.19	590	20.6901426019	1426
0	0.7150597722	0.9385007162	0.9988539412	3440.82	402.19	675	19.7352129434	1782
0	0.7150597722	0.9385007162	0.9988539412	3440.82	402.19	780	21.6450722605	920
0	0.7150597722	0.9385007162	0.9988539412	3440.82	402.19	170	22.2816920329	335
0	0.7150597722	0.9385007162	0.9988539412	3440.82	402.19	590	19.2577481141	59
