Caule	Fogo	H	DAS
1	0	175	1.2
2	0	340	4.2
3	0	280	2.6
4	0	270	3.5
5	0	315	5.1
6	0	310	3.3
7	0	320	5.85
8	0	150	1.9
9	0	330	3.9
10	0	320	4.4
11	0	340	3.6
12	0	350	5.6
13	0	350	4.4
14	0	335	4.8
15	0	310	3.9
16	0	320	3.1
17	0	150	1.1
18	0	200	3
19	0	185	1.9
20	0	120	1.25
21	1	38	0.5
22	1	33	0.3
23	1	16	0.3
24	0	280	3.6
25	0	145	1.1
26	0	90	1.4
27	0	260	4.15
28	0	200	2.9
29	1	28	0.6
30	1	33	0.5
31	1	25	0.5
32	0	225	2.05
33	0	320	4.4
34	0	107	1.3
35	1	43	0.8
36	1	25	1.05
37	1	29	0.6
38	1	24	0.3
39	1	16.5	0.3
40	1	9	0.2
41	1	12	0.2
42	1	3	0.3
43	0	110	2.1
44	0	70	2.1
45	0	170	2.9
46	0	165	3.2
47	1	39	0.45
48	1	33	0.5
49	0	205	2.4
50	0	92	2.4
51	0	15	0.7
52	0	155	2.2
53	1	9	0.25
54	1	14	0.3
55	1	19	0.25
56	1	37	0.6
57	1	59	0.5
58	1	62	0.5
59	1	59	0.5
60	1	89	0.9
61	1	112	0.95
62	1	91	0.9
63	1	89	0.8
64	1	23	0.4
65	1	38	0.5
66	1	38	0.4
67	1	23	0.5
68	1	25	0.3
69	1	28	0.6
70	1	19	0.3
71	1	27	0.4
72	1	25	0.4
73	1	110	1
74	1	47	0.7
75	1	68	0.6
76	1	94	0.7
77	1	42	0.4
78	1	57	0.6
79	1	74	0.5
80	1	21	0.5
81	1	34	0.3
82	1	72	0.6
83	1	17	0.3
84	1	50	0.5
85	1	32	0.5
86	1	19	0.4
87	1	48	0.5
88	1	47	0.6
89	1	26	0.3
90	1	25	0.15
91	1	47	0.7
92	1	77	0.9
93	1	58	0.6
94	1	37	0.3
95	1	64	1.1
96	1	20	0.4
97	1	20	0.4
98	1	53	0.5
99	1	37	0.4
100	1	22	0.4
101	1	20	0.3
102	1	4	0.2
103	1	42	0.4
104	1	72	0.8
105	1	56	0.6
106	1	74	1.1
107	1	29	0.4
108	1	45	0.4
109	1	25	0.3
110	1	42	0.4
111	1	50	0.3
112	1	50	0.7
113	1	20	0.3
114	1	15	0.2
115	1	92	0.8
116	1	16	0.3
117	1	16	0.4
118	1	63	0.6
119	1	12	0.2
120	1	63	0.6
121	1	73	0.6
122	1	24	0.4
123	1	83	0.8
124	1	34	0.6
125	1	67	0.8
126	1	37	0.5
127	1	84	0.8
128	1	22	0.2
129	1	11	0.3
130	1	16	0.2
131	1	35	0.5
132	1	NaN	0.42
133	0	84	1.4
134	0	15	0.4
135	1	66	0.6
136	1	33	0.6
137	1	15	0.3
138	1	11	0.2
139	1	30	0.4
140	1	17	0.4
141	1	22	0.2
142	1	10	0.4
143	1	29	0.3
144	1	125	2.9
145	1	139	2.6
146	1	94	2.8
147	1	145	2.4
148	0	112	2.6
149	1	53	0.72
150	1	39	0.95
151	1	61	0.74
152	1	18	0.45
153	1	29	0.51
154	1	89	0.05
155	0	100	2
156	0	140	1.7
157	1	77	1.6
158	1	80	1.1
159	0	68	1.4
160	1	77	1.2
161	0	157	3.2
162	0	120	4.3
163	0	145	2.3
164	0	137	2.1
165	0	100	1.4
166	0	25	2
167	0	45	1.2
168	0	160	2.5
169	0	115	2.1
170	1	41	0.9
171	1	22	0.2
172	1	29	0.7
173	1	47	0.9
174	1	110	1.6
175	1	40	0.9
176	1	60	0.9
177	1	32	1.1
178	0	54	1.1
179	1	40	0.5
180	1	44	0.4
181	1	42	1.3
182	1	11	0.2
183	1	20	0.3
184	1	57	1.9
185	1	53	0.8
186	0	215	3.3
187	0	53	0.6
188	0	30	0.5
189	0	94	1.6
190	0	130	1.9
191	0	110	2.4
192	0	113	2.1
193	0	80	1.5
194	1	46	0.5
195	0	113	2.1
196	1	31	0.5
197	0	310	3.7
198	0	100	2.5
199	1	4	0.2
200	1	27	0.2
201	1	31	0.3
202	0	59	0.9
203	0	75	0.8
204	0	106	1.6
205	0	115	1.9
206	1	11	0.9
207	0	19	1.1
208	0	55	0.9
209	0	156	2.2
210	1	107	1
211	0	165	2.4
212	0	90	1.8
213	0	38	1.1
214	0	30	1.5
215	0	157	2.2
216	0	183	3
217	0	115	1.6
218	0	93	1.2
219	1	46	1.2
220	1	26	1.3
221	1	16	0.4
222	0	10	1.3
223	0	9	1.2
224	0	40	0.9
225	0	164	2.1
226	0	55	2.9
227	0	23	0.4
228	0	10	0.3
229	0	52	0.9
230	1	146	2.3
231	1	49	1
232	0	77	1.7
233	0	61	2
234	1	92	2.7
235	0	63	1.9
236	0	48	0.7
237	0	36	0.8
238	0	73	1
239	0	75	1
240	0	82	1.1
241	0	110	1.7
242	0	110	1.4
243	0	47	0.6
244	1	30	1.4
245	1	75	1.8
246	1	78	1.2
247	0	82	1.1
248	0	60	1
249	0	15	1.4
250	0	210	4.5
251	0	50	0.9
252	0	118	1.5
253	0	90	0.9
254	0	65	0.6
255	0	72	0.7
256	0	80	1.1
257	1	30	0.5
258	0	77	1.2
259	0	87	1.9
260	0	135	2.4
261	0	250	2.9
262	0	220	2.8
263	0	220	3.3
264	0	230	3.4
265	0	190	2.2
266	0	230	2.8
267	0	240	4.4
268	0	215	2.3
269	0	180	1.7
270	0	135	1.8
271	0	56	2.1
272	0	116	1.8
273	0	70	1.6
274	1	40	1.8
275	1	45	2.1
276	0	106	2.8
277	1	85	0.7
278	1	72	0.7
279	1	54	0.6
280	1	14	0.4
281	1	62	0.7
282	1	72	0.7
283	1	59	0.9
284	1	87	0.9
285	1	102	1
286	1	51	1
287	1	43	0.5
288	1	101	0.9
289	1	39	0.4
290	1	8	0.3
291	1	75	0.7
292	1	77	0.6
293	1	71	0.7
294	1	27	0.4
295	1	28	0.3
296	1	31	0.4
297	1	60	0.8
298	1	25	0.5
299	1	30	0.5
300	1	26	0.4
301	1	28	0.5
302	1	55	0.7
303	1	39	0.6
304	1	11	0.3
305	1	23	0.5
306	1	38	0.6
307	1	78	1
308	1	66	0.4
309	1	86	0.7
310	1	107	0.9
311	1	116	1
312	1	50	0.4
313	1	77	0.6
314	1	40	0.5
315	1	30	0.7
316	1	19	0.4
317	1	25	0.4
318	1	40	0.7
319	1	7	0.5
320	1	22	0.3
321	1	24	0.3
322	1	65	0.9
323	1	21	0.6
324	1	21	0.5
325	1	66	0.6
326	1	45	0.6
327	1	8	0.3
328	1	65	0.6
329	1	62	0.6
330	1	42	0.6
331	1	6	0.4
332	1	14	0.4
333	1	7	0.2
334	1	5	0.3
335	1	49	2.2
336	1	6	0.4
337	1	47	0.7
338	1	31	0.4
339	1	65	0.8
340	1	16	0.4
341	1	25	0.7
342	1	86	0.9
343	1	4	0.4
344	1	9	0.4
345	1	63	0.5
346	1	65	0.6
347	1	12	0.5
348	1	32	0.5
349	1	84	0.9
350	1	24	0.4
351	1	70	0.6
352	1	23	0.3
353	1	50	0.4
354	1	15	0.5
355	1	35	0.4
356	1	87	0.4
357	1	40	0.5
358	1	34	0.6
359	1	72	0.7
360	1	84	0.7
361	1	18	0.5
362	1	12	0.3
363	1	102	0.8
364	1	35	0.3
365	1	69	0.5
366	1	68	0.6
367	1	21	0.4
368	1	26	0.5
369	1	20	0.4
370	1	25	0.6
371	1	14	0.2
372	1	32	0.5
373	1	38	0.4
374	1	65	0.5
375	1	21	0.4
376	1	4	0.2
377	1	52	0.7
378	1	28	0.2
379	1	30	0.5
380	1	27	0.5
381	1	4	0.8
382	1	29	0.5
383	1	35	0.5
384	1	24	0.4
385	1	50	0.5
386	1	28	0.3
387	1	29	0.6
388	1	6	0.2
389	1	33	0.4
390	1	27	0.3
391	1	13	0.3
392	1	1	0.3
393	1	18	0.2
394	1	40	0.9
395	1	21	0.5
396	1	50	0.6
397	1	58	0.5
398	1	15	0.4
399	1	17	0.3
400	1	35	0.5
401	1	13	0.4
402	1	18	0.4
403	1	86	0.7
404	1	27	0.4
405	1	82	1
406	1	20	0.4
407	1	31	0.6
408	1	85	0.8
409	1	108	1.1
410	1	53	0.6
411	1	98	1.1
412	1	70	0.9
413	1	41	0.6
414	1	89	0.9
415	1	80	1.4
416	1	33	0.3
417	1	26	0.9
418	1	50	0.5
419	1	59	0.6
420	1	44	0.5
421	1	81	0.4
422	1	72	0.5
423	1	40	0.5
424	1	50	0.3
425	1	45	0.5
426	1	18	0.3
427	1	50	0.7
428	1	25	0.4
429	1	14	0.5
430	1	7	0.3
431	1	25	0.4
432	1	12	0.5
433	1	3	0.3
434	1	52	0.5
435	1	24	0.3
436	1	26	0.4
437	1	23	0.3
438	1	70	0.6
439	1	22	0.3
440	1	55	0.6
441	1	116	0.9
442	1	49	0.6
443	1	32	0.4
444	1	95	0.8
445	1	25	0.4
446	1	54	0.6
447	1	12	0.2
448	1	48	0.8
449	1	9	0.3
450	1	3	0.4
451	1	36	0.5
452	1	50	0.4
453	1	62	0.8
454	1	69	1.2
455	0	135	1.9
456	1	113	1.6
457	1	43	0.9
458	1	22.5	1
459	1	92	1.4
460	0	55	1.4
461	0	8	0.7
462	0	64	1.4
463	1	108	1.2
464	1	22	0.5
465	1	76	0.7
466	1	31	0.6
467	1	84	0.7
468	1	36	0.3
469	1	47	0.6
470	1	50	0.5
471	1	72	0.6
472	1	50	0.4
473	1	39	0.4
474	1	15	0.4
475	1	8	0.3
476	1	16	0.3
477	1	65	0.6
478	1	22	0.5
479	1	41	0.5
480	1	56	0.7
481	1	15	0.3
482	1	60	0.5
483	1	49	0.6
484	1	73	0.5
485	1	88	0.9
486	1	89	0.6
487	1	108	0.8
488	1	48	0.4
489	1	14	0.3
490	1	84	0.8
491	1	76	0.7
492	1	109	1
493	1	70	0.7
494	1	24	0.4
495	1	9	0.4
496	1	6	0.3
497	1	110	1.2
498	1	15	0.3
499	1	86	0.6
500	1	76	1
501	1	102	1.1
502	1	99	1.2
503	1	20	0.4
504	1	53	0.4
505	1	77	0.9
506	1	62	0.4
507	1	21	0.5
508	1	111	0.8
509	1	92	0.6
510	1	31	0.4
511	1	17	0.3
512	1	41	0.4
513	1	83	0.7
514	1	46	0.6
515	1	80	1.6
516	1	26	0.7
517	1	32	0.4
518	1	44	0.4
519	1	77	0.8
520	1	93	0.9
521	1	32	0.4
522	1	90	1
523	1	65	0.9
524	1	20	0.5
525	1	9	0.3
526	1	61	0.6
527	1	28	0.4
528	1	63	0.6
529	1	21	0.14
530	1	12	0.2
531	1	72	0.8
532	1	11	0.1
533	1	21	0.3
534	1	26	0.8
535	1	13	1
536	1	23	0.6
537	1	4	0.4
538	1	31	0.4
539	1	26	0.4
540	1	32	0.3
541	1	30	0.6
542	1	36	0.4
543	1	57	0.6
544	1	10	0.2
545	1	35	0.3
546	1	21	0.4
547	1	42	0.4
548	1	11	0.2
549	1	58	1.1
550	1	112	1.1
551	1	36	0.4
552	1	66	1.2
553	1	26	0.5
554	1	27	0.5
555	1	21	0.5
556	1	84	1
557	1	30	0.9
558	1	32	0.5
559	1	42	0.6
560	1	90	1.1
561	1	23	0.3
562	1	17	0.5
563	1	35	0.5
564	1	75	0.9
565	1	21	0.4
566	1	47	0.4
567	1	75	0.7
568	1	9	0.3
569	1	80	0.9
570	1	29	0.8
571	1	13	0.2
572	1	81	0.8
573	1	81	0.8
574	1	30	0.4
575	1	16	0.3
576	1	73	0.8
577	1	17	0.4
578	1	43	0.4
579	1	35	0.6
580	1	25	0.8
581	1	25	0.5
582	1	22	0.2
583	1	60	0.6
584	1	34	0.4
585	1	30	0.6
586	1	32	0.3
587	1	19	0.3
588	1	12	0.3
589	1	78	0.5
590	1	14	0.2
591	1	69	0.4
592	1	67	0.7
593	1	12	0.2
594	1	19	0.2
595	1	50	0.6
596	1	160	3.2
597	1	66	0.8
598	1	72	0.9
599	1	33	0.3
600	1	59	0.5
601	1	65	0.6
602	1	25	0.3
603	1	59	0.8
604	1	79	0.7
605	1	106	1.1
606	1	12	0.4
607	1	38	0.4
608	1	127	1.1
609	1	29	0.4
610	1	54	0.5
611	1	96	0.9
612	1	45	0.4
613	1	104	0.9
614	1	28	0.3
615	1	107	0.8
616	1	92	1
617	1	35	0.3
618	1	6	0.4
619	1	29	0.4
620	1	87	1.1
621	1	99	0.6
622	1	35	0.4
623	1	55	0.7
624	1	45	0.6
625	1	74	0.7
626	1	77	0.5
627	1	24	0.2
628	1	132	1.2
629	1	151	1.1
630	1	93	0.9
631	1	164	1.4
632	1	50	0.8
633	1	50	1.2
634	1	60	0.7
635	1	32	0.3
636	1	72	0.8
637	1	15	0.5
638	1	47	0.6
639	1	88	1.3
640	1	99	1.2
641	1	114	1.3
642	1	38	0.3
643	1	95	1.1
644	1	10	0.5
645	1	32	0.5
646	1	12	0.8
647	1	105	1.3
648	1	40	0.6
649	1	24	0.6
650	1	71	1.1
651	1	6	0.4
652	1	85	0.9
653	1	92	0.6
654	1	69	0.8
655	1	76	0.6
656	1	34	0.3
657	1	32	0.4
658	1	82	0.6
659	1	30	0.4
660	1	100	0.9
661	1	34	0.5
662	1	26	0.8
663	1	27	0.5
664	1	61	0.4
665	1	33	0.3
666	1	31	0.7
667	1	15	0.4
668	1	70	0.7
669	1	71	0.6
670	1	10	0.3
671	1	57	0.6
672	1	29	0.4
673	1	16	0.3
674	1	40	0.5
675	1	50	0.4
676	1	50	0.6
677	1	42	0.7
678	1	120	0.9
679	1	120	0.9
680	1	66	0.5
681	1	34	0.5
682	1	16	0.3
683	1	119	1
684	1	16	0.2
685	1	35	0.5
686	1	15	0.2
687	1	107	1.2
688	1	28	0.6
689	1	87	0.8
690	1	92	0.9
691	1	29	0.3
692	1	35	0.4
693	1	55	0.4
694	1	49	0.8
695	1	90	0.9
696	1	50	0.3
697	1	74	0.7
698	1	72	0.6
699	1	40	0.5
700	1	85	0.7
701	1	80	0.9
702	1	34	0.4
703	1	34	0.4
704	1	16	0.3
705	1	30	0.2
706	1	40	0.4
707	1	28	0.5
708	1	16	0.2
709	1	16	0.4
710	1	31	0.4
711	1	48	0.6
712	1	49	0.8
713	1	10	0.4
714	1	55	0.6
715	1	36	0.4
716	1	61	0.7
717	1	75	0.5
718	1	65	0.5
719	1	76	1
720	1	88	0.9
721	1	60	0.6
722	1	49	0.4
723	1	40	0.5
724	1	68	0.5
725	1	25	0.3
726	1	26	0.2
727	1	25	0.2
728	1	11	0.4
729	1	30	0.3
730	1	47	0.4
731	1	62	0.7
732	1	46	0.5
733	1	81	0.6
734	1	47	0.3
735	1	44	0.2
736	1	44	0.7
737	1	41	0.6
738	1	32	0.3
739	1	25	0.3
740	1	112	0.8
741	1	41	0.2
742	1	20	0.4
743	1	28	0.4
744	1	33	0.4
745	1	39	0.4
746	1	49	0.4
747	1	45	0.4
748	1	47	0.3
749	1	38	0.3
750	1	30	0.6
751	1	18	0.5
752	1	67	0.5
753	1	50	0.4
754	1	49	0.5
755	1	60	0.4
756	1	77	0.4
757	1	35	0.4
758	1	58	0.6
759	1	84	0.6
760	1	77	0.7
761	1	38	0.4
762	1	53	0.5
763	1	65	0.5
764	1	13	0.4
765	1	9	0.3
766	1	32	0.5
767	1	25	0.3
768	1	56	0.4
769	1	35	0.5
770	1	15	0.4
771	1	23	0.5
772	1	25	0.5
773	1	71	0.6
774	1	27	0.4
775	1	56	0.6
776	1	16	0.2
777	1	53	0.5
778	1	29	0.5
779	1	14	0.6
780	1	74	0.6
781	1	64	0.5
782	1	38	0.3
783	1	50	0.4
784	1	15	0.3
785	1	26	0.3
786	1	31	0.4
787	1	110	1.2
788	1	35	0.3
789	1	75	0.6
790	1	53	0.5
791	1	47	0.6
792	1	61	0.6
793	1	25	0.3
794	1	56	0.5
795	1	20	0.2
796	1	27	0.4
797	1	28	0.4
798	1	41	0.6
799	1	64	0.9
800	1	46	0.4
801	1	43	0.6
802	1	50	0.5
803	1	65	0.8
804	1	67	0.7
805	1	14	0.1
806	1	80	0.7
807	1	30	0.5
808	1	11	0.6
809	1	40	0.5
810	1	107	1.2
811	1	76	0.8
812	1	43	0.4
813	1	66	0.5
814	1	121	1.1
815	1	38	0.3
816	1	83	0.9
817	1	25	0.4
818	1	60	0.6
819	1	34	0.5
820	1	33	0.4
821	1	44	0.4
822	1	35	0.3
823	1	82	0.9
824	1	63	0.5
825	1	56	0.6
826	1	89	1
827	1	70	0.6
828	1	25	0.2
829	1	51	0.4
830	1	7	0.2
831	1	38	0.2
832	1	76	0.9
833	1	15	0.4
834	1	62	0.5
835	1	53	0.4
836	1	79	0.9
837	1	22	0.5
838	1	37	0.5
839	1	48	0.5
840	1	11	0.2
841	1	12	0.3
842	1	35	0.4
843	1	106	1
844	1	44	0.5
845	1	53	0.4
846	1	25	0.5
847	1	22	0.4
848	1	66	0.6
849	1	24	0.3
850	1	38	0.4
851	1	63	0.5
852	1	8	0.2
853	1	12	0.2
854	1	13	0.2
855	1	115	0.9
856	1	22	0.5
857	1	54	0.2
858	1	77	0.5
859	1	62	0.3
860	1	64	0.5
861	1	47	0.6
862	1	28	0.2
863	1	6	0.3
864	1	28	0.5
865	1	31	0.5
866	1	34	0.4
867	1	12	0.2
868	1	10	0.3
869	1	35	0.3
870	1	18	0.4
871	1	69	0.9
872	1	28	0.3
873	1	41	0.5
874	1	52	0.4
875	1	48	0.3
876	1	30	0.2
877	1	6	0.3
878	1	37	0.5
879	1	19	0.3
880	1	10	0.5
881	1	18	0.4
882	1	54	0.5
883	1	8	0.2
884	1	31	0.5
885	1	25	0.9
886	1	11	0.3
887	1	11	0.4
888	1	101	1
889	1	73	0.9
890	1	83	0.7
891	1	52	0.9
892	1	28	0.4
893	1	36	0.4
894	1	25	0.5
895	1	25	0.5
896	1	85	0.8
897	1	94	0.7
898	1	82	0.6
899	1	108	0.9
900	1	45	0.6
901	1	63	0.5
902	1	109	0.7
903	1	36	0.5
904	1	40	0.4
905	1	42	0.4
906	1	26	0.4
907	1	70	0.6
908	1	16	0.4
909	1	76	0.5
910	1	65	0.7
911	1	12	0.4
912	1	123	1.1
913	1	50	0.4
914	1	19	0.3
915	1	46	0.4
916	1	102	0.9
917	1	75	0.6
918	1	25	0.5
919	1	28	0.3
920	1	20	0.3
921	1	110	0.7
922	1	63	0.7
923	1	90	0.5
924	1	80	0.5
925	1	20	0.3
926	1	85	0.4
927	1	25	0.5
928	1	105	0.5
929	1	31	0.4
930	1	63	0.4
931	1	68	0.9
932	1	116	0.9
933	1	62	0.6
934	1	65	0.4
935	1	105	0.6
936	1	45	0.4
937	1	43	0.3
938	1	85	0.5
939	1	38	0.3
940	1	95	1
941	1	150	1
942	1	104	0.7
943	1	62	0.3
944	1	74	0.9
945	1	130	1
946	1	33	0.2
947	1	29	0.2
948	1	129	1
949	1	148	1
950	1	45	0.4
951	1	55	0.8
952	1	62	0.5
953	1	41	0.5
954	1	35	0.4
955	1	10	0.2
956	1	15	0.2
957	1	32	0.5
958	1	68	0.6
959	1	77	0.6
960	1	55	0.5
961	1	33	0.4
962	1	42	0.6
963	1	51	0.6
964	1	12	0.3
965	1	40	0.5
966	1	16	0.2
967	1	48	0.4
968	1	15	0.2
969	1	39	0.8
970	1	33	0.6
971	1	35	0.5
972	1	25	0.4
973	1	31	0.5
974	1	88	0.7
975	1	52	0.6
976	1	54	1
977	1	32	0.6
978	1	64	0.5
979	1	97	0.7
980	1	56	0.4
981	1	71	0.6
982	1	48	0.6
983	1	44	0.4
984	1	25	0.5
985	1	52	0.4
986	1	21	0.4
987	1	92	0.7
988	1	30	0.4
989	1	103	1.2
990	1	33	0.4
991	1	22	0.6
992	1	130	1.3
993	1	34	0.5
994	1	105	1.2
995	1	65	0.4
996	1	40	0.6
997	1	19	0.7
998	1	63	0.5
999	1	33	0.4
1000	1	26	0.4
1001	1	40	0.7
1002	1	35	0.4
1003	1	40	0.4
1004	1	15	0.4
1005	1	45	0.5
1006	1	27	0.4
1007	1	50	0.5
1008	1	61	0.7
1009	1	29	0.4
1010	1	30	0.4
1011	1	48	0.4
1012	1	43	0.5
1013	1	41	0.3
1014	1	41	0.3
1015	1	52	0.5
1016	1	101	1.1
1017	1	52	0.6
1018	1	32	0.4
1019	1	33	0.3
1020	1	84	0.7
1021	1	112	1.1
1022	1	30	0.4
1023	1	32	0.4
1024	1	32	0.7
1025	1	37	0.6
1026	1	33	0.4
1027	1	25	0.3
1028	1	33	0.3
1029	1	21	0.3
1030	1	18	0.2
1031	1	23	0.2
1032	1	33	0.4
1033	1	35	0.3
1034	1	53	0.5
1035	1	23	0.4
1036	1	42	0.3
1037	1	30	0.3
1038	1	45	0.6
1039	1	92	1.1
1040	1	24	0.4
1041	1	33	0.4
1042	1	40	0.5
1043	1	3	0.4
1044	1	78	0.8
1045	1	57	0.5
1046	1	80	0.7
1047	1	82	0.7
1048	1	24	0.4
1049	1	20	0.2
1050	1	73	0.8
1051	1	93	1.2
1052	1	33	0.3
1053	1	21	0.4
1054	1	41	0.5
1055	1	25	0.3
1056	1	104	0.9
1057	1	110	0.9
1058	1	60	0.6
1059	1	54	0.5
1060	1	82	0.5
1061	1	32	0.4
1062	1	18	0.3
1063	1	25	0.3
1064	1	64	0.8
1065	1	125	1
1066	1	74	1.3
1067	1	76	0.8
1068	1	35	0.5
1069	1	54	0.5
1070	1	90	0.7
1071	1	29	0.4
1072	1	5	0.4
1073	1	37	0.2
1074	1	81	0.3
1075	1	22	0.3
1076	1	NaN	0.6
1077	1	22	0.5
1078	1	24	0.3
1079	1	44	0.4
1080	1	26	0.4
1081	1	26	0.3
1082	1	54	0.4
1083	1	14	0.3
1084	1	28	0.4
1085	1	40	0.3
1086	1	24	0.4
1087	1	25	0.4
1088	1	28	0.6
1089	1	30	0.6
1090	1	10	0.5
1091	1	37	0.4
1092	1	51	0.5
1093	1	18	0.2
1094	1	24	0.4
1095	1	80	0.9
1096	1	45	0.5
1097	1	51	0.5
1098	1	75	0.7
1099	1	13	0.2
1100	1	47	0.5
1101	1	23	0.3
1102	1	84	0.8
1103	1	75	0.8
1104	1	38	0.5
1105	1	22	0.3
1106	1	32	0.5
1107	1	36	0.6
1108	1	45	0.6
1109	1	74	1.1
1110	1	25	0.4
1111	1	30	0.3
1112	1	10	0.1
1113	1	33	0.5
1114	0	104	3
1115	1	18	0.2
1116	1	30	0.3
1117	1	38	0.2
1118	1	96	0.7
1119	1	60	0.6
1120	1	14	0.2
1121	1	32	0.4
1122	1	57	0.6
1123	1	75	0.6
1124	1	50	0.5
1125	1	76	0.6
1126	1	25	1.1
1127	1	17	0.5
1128	1	36	0.4
1129	1	56	0.4
1130	1	8	2
1131	1	46	0.6
1132	1	84	0.7
1133	1	45	0.5
1134	1	33	0.5
1135	1	71	0.8
1136	1	62	0.5
1137	1	65	0.5
1138	1	87	0.8
1139	1	44	0.5
1140	1	72	0.8
1141	1	95	0.8
1142	1	51	1
1143	1	45	0.9
1144	1	63	0.5
1145	1	11	0.2
1146	1	20	0.3
1147	1	8	0.1
1148	1	33	0.2
1149	1	54	1.1
1150	1	60	1.2
1151	1	55	0.7
1152	1	64	0.8
1153	1	45	0.9
1154	1	32	0.4
1155	1	93	1.4
1156	1	40	0.5
1157	1	24	0.2
1158	0	96	1.4
1159	0	95	1.2
1160	1	57	0.9
1161	1	29	0.6
1162	1	20	0.8
1163	1	34	0.5
1164	1	48	0.6
1165	1	9	0.3
1166	1	11	0.3
1167	1	20	0.2
1168	1	30	0.6
1169	1	32	0.8
1170	0	40	1.2
1171	0	36	1.4
1172	1	57	0.6
1173	1	66	1.7
1174	1	49	0.7
1175	1	84	1.9
1176	1	15	0.8
1177	0	23	0.9
1178	0	33	1.1
1179	0	20	1.3
1180	1	33	0.7
1181	1	20	0.5
1182	1	8	0.2
1183	0	92	1.3
1184	1	54	0.9
1185	1	32	0.8
1186	1	28	0.4
1187	1	101	1.2
1188	1	54	0.7
1189	1	32	0.9
1190	0	20	1.1
1191	0	75	1.6
1192	1	63	1.5
1193	0	18	1.5
1194	0	52	1.4
1195	0	54	1
1196	0	60	1.2
1197	0	138	2.1
1198	0	42	0.9
1199	0	42	1.2
1200	0	70	0.9
1201	0	89	1.2
1202	1	20	1
1203	0	70	2.5
1204	1	40	0.4
1205	1	21	0.2
1206	1	12	0.2
1207	1	96	1.8
1208	1	60	1.1
1209	0	68	1
1210	0	33	0.2
1211	0	46	0.7
1212	0	29	0.4
1213	0	24	0.4
1214	0	39	0.6
1215	1	8	0.3
1216	1	24	0.3
1217	1	38	0.5
1218	1	25	0.3
1219	1	9	0.1
1220	1	66	1.2
1221	1	30	0.3
1222	1	22	0.1
1223	1	12	0.2
1224	1	38	0.4
1225	1	30	0.4
1226	1	72	1
1227	1	55	0.9
1228	1	8	0.1
1229	1	32	0.4
1230	1	26	0.2
1231	1	45	1.8
1232	0	57	0.6
1233	1	18	0.3
1234	0	10	1.2
1235	1	16	1.1
1236	1	19	0.2
1237	1	18	0.1
1238	1	20	0.8
1239	0	58	0.9
1240	1	29	0.2
1241	0	41	1.1
1242	0	22	0.6
1243	0	81	1.5
1244	1	33	0.3
1245	1	25	0.5
1246	1	12	0.2
1247	0	83	0.9
1248	0	109	1.6
1249	1	48	1
1250	1	48	1.2
1251	1	27	0.4
1252	0	130	1.6
1253	0	160	1.5
1254	0	120	1.3
1255	0	50	1
1256	0	65	0.6
1257	1	15	0.2
1258	0	17	0.9
1259	1	18	1.9
1260	0	74	1.2
1261	0	13	1.2
1262	0	139	1.1
1263	0	280	3.4
1264	0	200	4
1265	0	280	3.4
1266	0	137	2
1267	0	65	1.1
1268	1	141	2.5
1269	1	137	2.5
1270	1	134	2.1
1271	1	150	1.8
1272	1	23	0.2
1273	1	43	0.4
1274	0	118	2.1
1275	1	20	0.2
1276	0	49	0.7
1277	0	84	1.4
1278	1	39	0.4
1279	1	9	0.4
1280	0	46	1.1
1281	1	17	0.2
1282	1	16	0.2
1283	1	15	0.2
1284	0	49	0.4
1285	1	35	0.6
1286	1	49	0.6
1287	1	45	0.7
1288	1	18	0.4
1289	1	11	0.2
1290	1	50	1.7
1291	0	27	1.1
1292	0	200	2.5
1293	1	18	0.5
1294	1	37	2.6
1295	1	32	0.6
1296	1	48	0.6
1297	1	15	0.2
1298	0	125	1.9
1299	0	130	1.5
1300	0	78	0.6
1301	0	90	1.4
1302	0	115	0.9
1303	0	85	0.8
1304	0	210	2.4
1305	1	210	2.7
1306	0	220	2.6
1307	0	210	3.1
1308	0	200	2.9
1309	0	190	2.2
1310	0	190	2.6
1311	0	185	2.8
1312	0	180	3.6
1313	0	190	3.6
1314	0	190	2.5
1315	0	87	1.6
1316	0	160	2.4
1317	0	160	2.1
1318	1	240	4.2
1319	1	135	1.9
1320	1	98	1.2
1321	1	200	3.2
1322	1	150	2.1
1323	1	165	2.1
1324	0	115	2.2
1325	0	15	1.3
1326	1	85	2.3
1327	1	100	2.7
1328	1	8	2.8
1329	1	3	0.3
1330	1	14	0.2
1331	0	43	1.2
1332	0	50	1.5
1333	0	120	2.2
1334	0	25	1.1
1335	0	99	1.5
1336	0	99	1.7
1337	0	31	1.7
1338	1	31	0.4
1339	1	1	0.2
1340	0	140	1.6
1341	0	140	2.1
1342	0	80	0.9
1343	0	50	0.8
1344	0	135	1.9
1345	0	100	2.4
1346	0	65	1.3
1347	0	135	1
1348	0	115	1.6
1349	0	130	2.6
1350	1	130	1.6
1351	1	70	1
1352	0	30	1.1
1353	1	120	3.2
1354	1	110	1.6
1355	1	73	1.2
1356	0	145	3.1
1357	1	140	2.3
1358	1	130	2.1
1359	1	34	1.3
1360	0	78	1.3
1361	1	70	1.4
1362	1	99	1.4
1363	0	55	1.3
1364	1	85	1.1
1365	0	120	1.3
1366	1	115	1.2
1367	1	83	1.7
1368	1	115	2.1
1369	1	115	0.8
1370	1	149	2.2
1371	1	96	1.2
1372	1	120	1.3
1373	1	67	0.7
1374	1	114	1.2
1375	1	55	0.7
1376	1	45	0.4
1377	1	79	0.8
1378	1	105	1.1
1379	1	112	1.1
1380	1	136	1.3
1381	1	75	1
1382	1	66	0.5
1383	1	82	0.9
1384	1	117	1.2
1385	1	33	1.5
1386	0	65	2.1
1387	0	105	2.1
1388	1	64	1.4
1389	1	95	2
1390	0	80	1.4
1391	0	55	0.6
1392	1	62	1.9
1393	1	119	2.6
1394	1	50	1.8
1395	1	86	1.3
1396	1	100	3.9
1397	0	100	2
1398	1	150	2.7
1399	1	145	2.8
1400	1	70	0.8
1401	1	70	1.2
1402	0	155	2.6
1403	0	46	1.2
1404	0	55	1.6
1405	1	66	2.1
1406	0	142	2.1
1407	0	94	1.7
1408	0	150	1.9
1409	1	76	0.8
1410	1	113	1.6
1411	0	29	0.6
1412	1	86	1.3
1413	1	71	0.9
1414	1	45	0.4
1415	1	98	1.1
1416	1	83	1
1417	1	31	0.3
1418	1	44	0.4
1419	1	62	0.6
1420	0	59	0.7
1421	0	106	2.6
1422	0	65	1.7
1423	0	67	1.4
1424	1	84	0.7
1425	1	102	1.1
1426	1	53	0.6
1427	1	43	0.6
1428	1	58	0.6
1429	0	66	3.1
1430	0	36	1.2
1431	1	98	1
1432	1	65	1
1433	1	30	1.2
1434	1	64	0.4
1435	1	24	0.9
1436	1	95	1.3
1437	1	15	0.6
1438	1	125	1.6
1439	1	36	0.6
1440	1	85	0.9
1441	1	43	0.9
1442	1	64	1
1443	1	13	0.4
1444	1	19	0.3
1445	1	66	0.5
1446	1	70	1
1447	1	80	0.7
1448	1	75	1.6
1449	1	37	0.5
1450	1	10	0.46
1451	1	73	1.06
1452	1	34	0.55
1453	1	64	0.73
1454	1	85	0.89
1455	1	30	0.54
1456	1	56	0.73
1457	1	26	0.37
1458	1	70	0.83
1459	1	64	1.02
1460	1	84	1.02
1461	1	25	0.35
1462	1	51	0.57
1463	1	51	0.61
1464	1	77	0.98
1465	1	115	1.22
1466	1	70	0.98
1467	1	45	0.72
1468	1	51	0.57
1469	1	28	0.55
1470	1	49	0.53
1471	1	91	0.75
1472	1	82	1.01
1473	1	62	0.77
1474	1	29	0.41
1475	1	21	0.32
1476	1	105	1.13
1477	1	22	0.28
1478	1	74	0.76
1479	1	28	0.28
1480	1	30	0.3
1481	1	29	0.3
1482	1	12	0.2
1483	1	17	0.2
1484	1	39	0.6
1485	1	31	0.4
1486	1	32	0.3
1487	1	35	0.2
1488	1	32	0.3
1489	1	46	0.5
1490	1	43	0.3
1491	1	56	0.6
1492	1	82	0.7
1493	1	85	0.8
1494	1	54	0.6
1495	1	29	0.2
1496	1	60	0.6
1497	1	46	0.4
1498	1	27	0.3
1499	1	16	0.4
1500	1	28	0.4
1501	1	34	0.4
1502	1	12	0.2
1503	1	23	0.4
1504	1	18	0.1
1505	1	18	0.4
1506	1	52	0.8
1507	1	6	0.2
1508	0	133	1.7
1509	1	106	1
1510	1	110	0.9
1511	1	114	1.3
1512	1	93	0.8
1513	1	72	0.9
1514	1	83	0.6
1515	1	73	0.7
1516	1	27	0.5
1517	1	34	0.5
1518	1	35	0.3
1519	1	74	0.4
1520	1	41	0.4
1521	1	82	1.4
1522	1	27	0.3
1523	1	15	0.3
1524	1	45	0.6
1525	1	57	0.7
1526	1	36	0.5
1527	1	36	0.4
1528	1	9	0.3
1529	1	30	0.6
1530	1	33	0.6
1531	1	33	0.4
1532	1	34	0.5
1533	1	42	0.4
1534	1	29	0.7
1535	1	56	0.6
1536	1	38	0.6
1537	1	11	0.3
1538	1	46	0.4
1539	1	17	0.3
1540	1	23	0.2
1541	1	71	0.6
1542	1	23	0.4
1543	1	89	0.9
1544	1	25	0.3
1545	1	25	0.8
1546	1	32	0.6
1547	1	26	0.4
1548	1	19	0.2
1549	1	21	0.3
1550	1	37	0.3
1551	1	39	0.5
1552	1	18	0.4
1553	1	57	0.5
1554	1	40	0.5
1555	1	38	0.4
1556	1	30	0.2
1557	1	67	0.6
1558	1	35	0.4
1559	1	24	0.2
1560	1	21	0.4
1561	1	30	0.5
1562	1	14	0.2
1563	1	24	0.4
1564	1	10	0.2
1565	1	75	0.5
1566	1	43	0.4
1567	1	35	0.4
1568	1	42	0.3
1569	1	48	0.4
1570	1	62	0.6
1571	1	15	0.3
1572	1	42	0.3
1573	1	33	0.4
1574	1	74	0.6
1575	1	99	1.3
1576	1	87	1
1577	1	93	1.1
1578	1	82	0.6
1579	1	103	1.3
1580	1	28	0.6
1581	1	27	0.4
1582	1	72	0.5
1583	1	45	0.5
1584	1	112	1.1
1585	1	50	0.6
1586	1	44	0.3
1587	1	15	0.2
1588	1	33	0.3
1589	1	34	0.4
1590	1	67	1.1
1591	1	53	0.5
1592	1	43	0.8
1593	1	65	0.6
1594	1	66	0.8
1595	1	88	1.2
1596	1	58	1
1597	1	106	1
1598	1	55	0.5
1599	1	35	0.5
1600	1	42	0.6
1601	1	30	0.3
1602	1	26	0.4
1603	1	105	0.8
1604	1	94	0.7
1605	1	34	0.4
1606	1	23	0.4
1607	1	45	0.6
1608	1	25	0.4
1609	1	61	0.6
1610	1	22	0.7
1611	1	50	0.8
1612	1	34	0.4
1613	1	53	0.6
1614	1	53	0.9
1615	1	60	0.7
1616	1	23	0.5
1617	1	20	0.2
1618	1	60	0.8
1619	1	80	0.8
1620	1	62	0.9
1621	1	60	0.87
1622	1	64	0.9
1623	1	63	0.85
1624	1	39	0.54
1625	1	18	0.64
1626	1	50	0.59
1627	1	36	0.74
1628	1	32	0.51
1629	1	60	0.79
1630	1	114	1.3
1631	1	27	0.4
1632	1	36	0.7
1633	1	61	0.9
1634	1	52	1.2
1635	1	20	0.3
1636	1	20	0.5
1637	1	105	1.1
1638	1	85	0.7
1639	1	68	0.4
1640	1	68	0.6
1641	1	36	0.7
1642	1	125	1.7
1643	1	132	1.2
1644	1	150	1.6
1645	1	112	1.6
1646	1	120	1.2
1647	1	160	1.7
1648	1	64	0.8
1649	1	46	0.7
1650	1	31	0.6
1651	1	13	0.4
1652	1	24	0.2
1653	1	92	0.8
1654	1	125	1.2
1655	1	94	0.9
1656	1	92	0.9
1657	1	85	0.8
1658	1	11	0.3
1659	1	10	0.2
1660	1	7	0.1
1661	1	103	1.05
1662	1	99	1.03
1663	1	118	1.53
1664	1	15	0.6
1665	1	14	0.7
1666	1	20	0.41
1667	1	82	1.04
1668	1	103	1.38
1669	1	46	0.62
1670	1	18	0.67
1671	1	17	0.38
1672	1	15	0.38
1673	1	10	0.24
1674	1	42	0.5
1675	1	70	0.6
1676	1	35	0.6
1677	1	82	0.9
1678	1	35	0.6
1679	1	67	1
1680	1	14	0.5
1681	1	21	0.3
1682	1	38	0.6
1683	1	15	0.5
1684	1	50	0.6
1685	1	45	0.6
1686	1	25	0.5
1687	1	46	0.6
1688	1	33	0.5
1689	1	28	0.3
1690	1	23	0.2
1691	1	19	0.3
1692	1	34	0.4
1693	1	23	0.2
1694	1	46	0.4
1695	1	25	0.6
1696	1	21	0.3
1697	1	27	0.5
1698	1	39	0.5
1699	1	15	0.2
1700	1	7	0.1
1701	1	36	0.3
1702	1	37	0.4
1703	1	28	0.3
1704	1	20	0.4
1705	1	39	0.6
1706	1	55	0.5
1707	1	32	0.2
1708	1	54	0.4
1709	1	49	0.4
1710	1	5	0.2
1711	1	20	0.3
1712	1	32	0.4
1713	1	31	0.3
1714	1	16	0.4
1715	1	69	0.8
1716	1	53	0.6
1717	1	36	0.4
1718	1	35	0.4
1719	1	25	0.3
1720	1	84	1.1
1721	1	44	0.4
1722	1	39	0.4
1723	1	43	0.4
1724	1	42	0.3
1725	1	60	0.5
1726	1	38	0.5
1727	1	80	0.9
1728	1	58	0.8
1729	1	67	0.7
1730	1	32	0.4
1731	1	58	0.6
1732	1	28	0.4
1733	1	11	0.4
1734	1	101	1.1
1735	1	103	1.3
1736	1	19	0.4
1737	1	8	0.5
1738	1	96	0.9
1739	1	150	1.4
1740	1	110	1
1741	1	102	1.1
1742	1	95	0.9
1743	1	145	0.5
1744	1	23	0.3
1745	1	26	0.3
1746	1	86	0.7
1747	1	67	0.7
1748	1	32	0.4
1749	1	58	0.6
1750	1	28	0.4
1751	1	11	0.4
1752	1	101	1.1
1753	1	103	1.3
1754	1	116	1.1
1755	1	57	0.6
1756	1	67	0.9
1757	1	89	0.5
1758	1	61	0.6
1759	1	20	0.2
1760	1	33	0.3
1761	1	92	0.9
1762	1	25	0.2
1763	1	100	1
1764	1	22	0.2
1765	1	84	0.9
1766	1	47	0.4
1767	1	47	0.4
1768	1	48	0.6
1769	1	66	1.2
1770	1	33	0.4
1771	1	41	0.9
1772	1	20	0.2
1773	1	102	1.2
1774	1	21	0.4
1775	1	7	0.4
1776	1	43	0.6
1777	1	90	0.2
1778	1	16	0.8
1779	1	34	0.3
1780	1	40	0.5
1781	1	25	0.5
1782	1	43	0.6
1783	1	55	0.8
1784	1	35	0.4
1785	1	31	0.4
1786	1	56	0.6
1787	1	29	0.4
1788	1	71	0.6
1789	1	41	0.7
1790	1	86	0.5
1791	1	33	0.3
1792	1	21	0.3
1793	1	8	0.3
1794	1	19	0.2
1795	1	44	0.5
1796	1	48	0.4
1797	1	34	0.5
1798	1	42	0.3
1799	1	64	0.8
1800	1	20	0.4
1801	1	18	0.2
1802	1	37	0.6
1803	1	33	0.4
1804	1	4	0.3
1805	1	13	0.2
1806	1	11	0.2
1807	1	42	0.6
1808	1	83	0.5
1809	1	83	0.8
1810	1	67	0.6
1811	1	96	1.1
1812	1	17	0.2
1813	1	34	0.5
1814	1	82	0.9
1815	1	25	0.3
1816	1	30	0.3
1817	1	230	3.1
1818	1	62	0.6
1819	1	42	0.4
1820	1	15	0.3
1821	1	250	7.5
1822	1	13	0.3
1823	1	12	0.2
1824	1	75	0.8
1825	1	25	0.3
1826	1	55	0.9
1827	1	25	0.3
1828	1	11	0.2
1829	1	33	0.6
1830	1	36	0.5
1831	1	42	0.4
1832	1	16	0.2
1833	1	62	0.7
1834	1	34	0.4
1835	1	49	0.6
1836	1	46	0.5
1837	1	17	0.3
1838	1	67	0.6
1839	1	65	0.6
1840	1	15	0.2
1841	1	24	0.3
1842	1	25	0.3
1843	1	25	0.4
1844	1	50	0.5
1845	1	11	0.2
1846	1	30	0.3
1847	1	24	0.3
1848	1	33	0.3
1849	1	60	0.4
1850	1	14	0.2
1851	1	71	0.8
1852	1	19	0.4
1853	1	82	0.5
1854	1	170	1.2
1855	1	49	0.4
1856	1	54	0.5
1857	1	11	0.3
1858	1	12	0.2
1859	1	96	0.9
1860	1	31	0.5
1861	1	85	0.5
1862	1	18	0.4
1863	1	84	0.6
1864	1	82	0.6
1865	1	40	0.5
1866	1	26	0.4
1867	1	12	0.2
1868	1	47	0.7
1869	1	98	0.5
1870	1	62	0.5
1871	1	81	0.6
1872	1	93	0.6
1873	1	31	0.4
1874	1	67	0.6
1875	1	115	0.7
1876	1	98	0.8
1877	1	36	0.3
1878	1	43	0.5
1879	1	4	0.3
1880	1	30	0.5
1881	1	17	0.4
1882	1	19	0.5
1883	1	36	0.3
1884	1	26	0.3
1885	1	38	0.5
1886	1	31	0.3
1887	1	25	0.4
1888	1	64	0.5
1889	1	37	0.5
1890	1	30	0.5
1891	1	120	1.2
1892	1	99	0.8
1893	1	22	0.54
1894	1	57	0.4
1895	1	17	0.2
1896	1	30	0.7
1897	1	44	0.4
1898	1	46	0.7
1899	1	18	0.4
1900	1	72	0.5
1901	1	27	0.5
1902	1	29	0.4
1903	1	91	0.9
1904	1	44	0.4
1905	1	130	1.1
1906	1	120	1.2
1907	1	19	0.3
1908	1	41	0.5
1909	1	20	0.5
1910	1	23	0.4
1911	1	20	0.4
1912	1	20	0.3
1913	1	26	0.5
1914	1	45	0.5
1915	1	44	0.5
1916	1	26	0.2
1917	1	29	0.4
1918	1	84	0.8
1919	1	11	0.2
1920	1	16	0.3
1921	1	12	0.1
1922	1	8	0.3
1923	1	20	0.2
1924	1	39	0.4
1925	1	5	0.2
1926	1	3	0.2
1927	1	10	0.2
1928	1	15	0.3
1929	1	31	0.5
1930	1	70	0.8
1931	1	101	0.7
1932	1	30	0.3
1933	1	15	0.4
1934	1	29	0.4
1935	1	36	0.8
1936	1	42	0.4
1937	1	14	0.3
1938	1	6	0.2
1939	1	17	0.2
1940	1	28	0.3
1941	1	49	0.4
1942	1	85	0.6
1943	1	34	0.4
1944	1	67	0.6
1945	1	34	0.3
1946	1	59	0.8
1947	1	18	0.2
1948	1	105	0.9
1949	1	104	0.6
1950	1	90	0.6
1951	1	100	0.9
1952	1	75	0.8
1953	1	33	0.3
1954	1	34	0.2
1955	1	17	0.2
1956	1	74	0.5
1957	1	18	0.2
1958	1	34	0.4
1959	1	21	0.3
1960	1	11	0.2
1961	1	50	0.4
1962	1	5	0.1
1963	1	39	0.4
1964	1	8	0.3
1965	1	34	0.3
1966	1	23	0.3
1967	1	19	0.3
1968	1	27	0.4
1969	1	15	0.2
1970	1	54	0.5
1971	1	40	0.4
1972	1	33	0.4
1973	1	44	0.4
1974	1	35	0.3
1975	1	31	0.3
1976	1	25	0.3
1977	1	49	0.7
1978	1	35	0.4
1979	1	56	0.6
1980	1	11	0.2
1981	1	29	0.4
1982	1	50	0.5
1983	1	53	0.5
1984	1	28	0.4
1985	1	27	0.4
1986	1	38	0.3
1987	1	17	0.2
1988	1	44	0.3
1989	1	8	0.4
1990	1	27	0.4
1991	1	60	0.5
1992	1	30	0.4
1993	1	18	0.4
1994	1	25	0.4
1995	1	17	0.3
1996	1	12	0.3
1997	1	19	0.2
1998	1	69	0.8
1999	1	48	0.4
2000	1	70	0.6
2001	1	20	0.4
2002	1	62	0.5
2003	1	68	0.6
2004	1	46	0.2
2005	1	14	0.5
2006	1	25	0.3
2007	1	66	0.7
2008	1	60	0.5
2009	1	40	0.5
2010	1	45	0.4
2011	1	25	0.3
2012	1	21	0.4
2013	1	14	0.4
2014	1	15	0.2
2015	1	18	0.5
2016	1	17	0.4
2017	1	21	0.4
2018	1	43	0.7
2019	1	23	0.4
2020	1	26	0.3
2021	1	17	0.3
2022	1	17	0.3
2023	1	26	0.4
2024	1	23	0.3
2025	1	18	0.4
2026	1	19	0.3
2027	1	29	0.4
2028	1	25	0.3
2029	1	15	0.3
2030	1	26	0.3
2031	1	18	0.4
2032	1	28	0.4
2033	1	31	0.4
2034	1	25	0.2
2035	1	35	0.5
2036	1	42	0.4
2037	1	22	0.2
2038	1	71	0.6
2039	1	40	0.3
2040	1	24	0.3
2041	1	35	0.5
2042	1	29	0.2
2043	1	21	0.3
2044	1	13	0.3
2045	1	21	0.3
2046	1	65	0.6
2047	1	48	0.5
2048	1	50	0.9
2049	1	42	0.5
2050	1	66	0.7
2051	1	12	0.2
2052	1	21	0.4
2053	1	36	0.7
2054	1	20	0.4
2055	1	9	0.3
2056	1	19	0.3
2057	1	20	0.5
2058	1	11	0.5
2059	1	24	0.4
2060	1	105	0.7
2061	1	46	0.7
2062	1	99	0.9
2063	1	115	0.9
2064	1	44	0.2
2065	1	52	0.4
2066	1	147	0.9
2067	1	112	1.1
2068	1	83	0.6
2069	1	50	0.5
2070	1	42	0.4
2071	1	48	0.3
2072	1	43	0.4
2073	1	8	0.3
2074	1	9	0.3
2075	1	15	0.2
2076	1	9	0.5
2077	1	41	0.4
2078	1	29	0.3
2079	1	72	0.7
2080	1	64	0.4
2081	1	66	0.5
2082	1	38	0.3
2083	1	29	0.4
2084	1	20	0.5
2085	1	36	0.4
2086	1	70	0.6
2087	1	62	0.6
2088	1	73	0.9
2089	1	120	1.1
2090	1	22	0.4
2091	1	18	0.3
2092	1	38	0.3
2093	1	12	0.2
2094	1	71	0.8
2095	1	62	0.5
2096	1	45	0.4
2097	1	34	0.5
2098	1	25	0.3
2099	1	95	0.5
2100	1	95	0.7
2101	1	111	1
2102	1	95	0.6
2103	1	16	0.5
2104	1	59	0.68
2105	1	73	0.87
2106	1	17	0.49
2107	1	22	0.57
2108	1	65	0.82
2109	1	38	0.58
2110	1	77	0.9
2111	1	23	0.62
2112	1	52	0.56
2113	1	130	2.1
2114	1	110	0.6
2115	1	49	0.4
2116	1	35	0.7
2117	1	94	0.6
2118	1	95	1.5
2119	1	160	2.1
2120	1	45	0.5
2121	1	15	0.4
2122	1	22	0.2
2123	1	93	0.7
2124	1	22	0.6
2125	1	114	0.9
2126	1	75	0.5
2127	1	28	0.5
2128	1	100	0.8
2129	1	53	0.4
2130	1	94	0.5
2131	1	20	0.2
2132	1	30	0.4
2133	1	26	0.4
2134	1	16	0.5
2135	1	5	0.2
2136	1	80	0.8
2137	1	36	0.3
2138	1	20	0.4
2139	1	65	0.7
2140	1	107	0.9
2141	1	18	0.3
2142	1	60	0.4
2143	1	60	0.5
2144	1	67	0.7
2145	1	38	0.3
2146	1	17	0.6
2147	1	46	0.3
2148	1	35	0.2
2149	1	46	0.5
2150	1	77	0.6
2151	1	55	0.6
2152	1	32	0.3
2153	1	12	0.2
2154	1	37	0.5
2155	1	48	0.5
2156	1	25	0.3
2157	1	15	0.2
2158	1	43	0.5
2159	1	14	0.2
2160	1	25	0.4
2161	1	91	0.9
2162	1	24	0.4
2163	1	41	0.6
2164	1	18	0.3
2165	1	39	0.4
2166	1	20	0.5
2167	1	64	0.8
2168	1	47	0.4
2169	1	25	0.4
2170	1	92	0.7
2171	1	110	0.7
2172	1	29	0.5
2173	1	50	0.7
2174	1	80	0.8
2175	1	107	1.1
2176	1	84	1
2177	1	39	0.4
2178	1	40	0.4
2179	1	130	0.9
2180	1	43	0.4
2181	1	34	0.4
2182	1	86	0.9
2183	1	86	0.8
2184	1	86	0.8
2185	1	54	0.4
2186	1	44	0.4
2187	1	50	0.6
2188	1	30	0.4
2189	1	22	0.3
2190	1	38	0.4
2191	1	28	0.3
2192	1	22	0.3
2193	1	14	0.3
2194	1	12	0.3
2195	1	105	0.8
2196	1	14	0.4
2197	1	25	0.3
2198	1	56	0.5
2199	1	67	0.5
2200	1	31	0.5
2201	1	54	0.4
2202	1	52	0.6
2203	1	90	0.6
2204	1	32	0.4
2205	1	22	0.4
2206	1	28	0.5
2207	1	48	0.4
2208	1	31	0.5
2209	1	90	0.6
2210	1	76	0.5
2211	1	80	0.5
2212	1	121	0.8
2213	1	90	0.6
2214	1	23	0.5
2215	1	32	0.4
2216	1	65	0.5
2217	1	88	0.7
2218	1	46	0.4
2219	1	75	0.7
2220	1	46	0.4
2221	1	35	0.4
2222	1	55	0.5
2223	1	42	0.4
2224	1	8	0.2
2225	1	9	0.3
2226	1	15	0.4
2227	1	10	0.2
2228	1	43	0.6
2229	1	31	0.4
2230	1	25	0.4
2231	1	65	0.7
2232	1	83	0.6
2233	1	55	0.5
2234	1	25	0.3
2235	1	40	0.3
2236	1	24	0.4
2237	1	46	0.4
2238	1	15	0.2
2239	1	65	0.8
2240	1	25	0.3
2241	1	11	0.3
2242	1	25	0.4
2243	1	70	0.5
2244	1	61	0.5
2245	1	17	0.4
2246	1	14	0.5
2247	1	51	0.5
2248	1	102	0.8
2249	1	26	0.2
2250	1	23	0.5
2251	1	64	0.7
2252	1	29	0.3
2253	1	32	0.4
2254	1	79	0.8
2255	1	62	0.4
2256	1	61	0.5
2257	1	41	0.4
2258	1	45	0.5
2259	1	65	0.6
2260	1	52	0.5
2261	1	31	0.4
2262	1	41	0.4
2263	1	21	0.4
2264	1	49	0.4
2265	1	21	0.4
2266	1	18	0.6
2267	1	25	0.4
2268	1	31	0.4
2269	1	49	0.7
2270	1	7	0.4
2271	1	37	0.5
2272	1	52	0.6
2273	1	41	0.4
2274	1	41	0.6
2275	1	62	0.7
2276	1	12	0.6
2277	1	18	0.3
2278	1	25	0.4
2279	1	80	0.7
2280	1	18	0.4
2281	1	82	0.8
2282	1	55	0.5
2283	1	55	0.6
2284	1	102	0.6
2285	1	10	0.4
2286	1	29	0.5
2287	1	32	0.6
2288	1	30	0.4
2289	1	22	0.4
2290	1	69	0.8
2291	1	9	0.2
2292	1	22	0.3
2293	1	85	3.3
2294	1	38	0.4
2295	1	51	1.8
2296	1	83	3.3
2297	1	103	2.3
2298	1	105	3.1
2299	1	50	1.4
2300	1	81	2.2
2301	1	46	0.5
2302	1	61	6.7
2303	1	22	0.5
2304	1	21	0.4
2305	1	23	0.4
2306	1	36	0.6
2307	1	46	0.5
2308	1	42	0.6
2309	1	58	0.6
2310	1	70	0.7
2311	1	43	0.5
2312	1	64	0.5
2313	1	40	0.4
2314	1	26	0.7
2315	1	80	1.4
2316	1	56	1
2317	1	42	0.7
2318	1	44	0.6
2319	1	82	0.8
2320	1	55	0.6
2321	1	26	0.3
2322	1	76	0.6
2323	1	63	0.4
2324	1	27	0.5
2325	1	15	0.3
2326	1	34	0.4
2327	1	27	0.5
2328	1	7	0.4
2329	1	14	0.5
2330	1	54	0.7
2331	1	12	0.4
2332	1	12	0.4
2333	1	17	0.4
2334	1	50	0.7
2335	1	31	0.4
2336	1	66	0.8
2337	1	84	1
2338	1	31	0.9
2339	1	54	0.7
2340	1	21	0.4
2341	1	32	0.5
2342	1	7	0.5
2343	1	46	0.73
2344	1	34	0.41
2345	1	49	0.79
2346	1	42	0.49
2347	1	55	0.63
2348	1	17	0.43
2349	1	29	0.33
2350	1	59	0.56
2351	1	32	0.46
2352	1	18	0.32
2353	1	6	0.27
2354	1	36	0.29
2355	1	3	0.55
2356	1	28	0.59
2357	1	39	0.56
2358	1	32	0.46
2359	1	46	0.63
2360	1	35	0.59
2361	1	59	0.52
2362	1	38	0.53
2363	1	25	0.45
2364	1	52	0.54
2365	1	41	0.49
2366	1	16	0.44
2367	1	8	0.32
2368	1	35	0.4
2369	1	4	0.2
2370	1	83	0.6
2371	1	40	0.4
2372	1	21	0.4
2373	1	11	0.4
2374	1	101	0.4
2375	1	13	0.4
2376	1	81	0.4
2377	1	102	0.9
2378	1	27	0.6
2379	1	80	0.5
2380	1	24	0.5
2381	1	18	0.2
2382	1	98	0.8
2383	1	98	0.8
2384	1	38	0.5
2385	1	26	0.7
2386	1	68	0.6
2387	1	15	0.3
2388	1	55	0.5
2389	1	90	0.5
2390	1	22	0.9
2391	1	120	0.8
2392	1	84	0.6
2393	1	18	0.3
2394	1	115	0.8
2395	1	13	0.3
2396	1	57	0.6
2397	1	32	0.6
2398	1	11	0.5
2399	1	17	0.4
2400	1	33	0.4
2401	1	12	0.3
2402	1	37	0.5
2403	1	57	0.5
2404	1	52	0.7
2405	1	50	0.6
2406	1	7	0.2
2407	1	83	0.7
2408	1	23	0.3
2409	1	66	0.6
2410	1	100	1.5
2411	1	77	1.7
2412	1	36	0.9
2413	1	103	0.9
2414	1	26	1.1
2415	0	16	1.6
2416	0	42	1.1
2417	0	12	1.5
2418	0	120	1.4
2419	1	34	0.3
2420	0	120	1.2
2421	1	32	0.3
2422	0	32	0.7
2423	0	96	1.1
2424	1	180	3
2425	0	128	1.4
2426	1	170	4.3
2427	0	113	0.7
2428	1	160	2.2
2429	1	36	0.9
2430	0	25	1
2431	0	76	1.3
2432	0	69	1.1
2433	0	82	1.4
2434	0	30	0.8
2435	0	65	1.7
2436	0	70	1.3
2437	0	230	5.5
2438	1	43	0.7
2439	0	155	1.1
2440	1	125	4
2441	1	110	1.8
2442	1	86	2.1
2443	0	44	1.2
2444	1	100	3.4
2445	0	210	2.6
2446	0	160	2.2
2447	0	75	1.3
2448	1	40	0.3
2449	1	28	0.3
2450	1	18	0.5
2451	1	13	0.5
2452	1	39	0.3
2453	1	20	0.4
2454	1	20	0.6
2455	1	16	0.3
2456	1	10	0.4
2457	1	8	0.3
2458	1	120	1.3
2459	1	90	0.9
2460	0	160	1.8
2461	1	60	0.9
2462	1	35	0.4
2463	1	56	0.9
2464	1	30	0.5
2465	1	130	1.3
2466	1	19	0.5
2467	1	74	0.8
2468	1	95	0.8
2469	1	73	0.6
2470	1	100	1
2471	1	47	0.5
2472	1	36	0.3
2473	1	54	0.4
2474	1	51	0.4
2475	1	46	0.5
2476	1	6	0.7
2477	1	11	0.3
2478	1	18	0.2
2479	1	2	0.4
2480	1	17	0.3
2481	1	49	0.6
2482	1	37	0.4
2483	1	80	0.6
2484	1	65	0.5
2485	1	37	0.4
2486	1	28	0.6
2487	1	70	0.6
2488	1	54	0.5
2489	1	30	0.4
2490	1	73	0.9
2491	1	52	0.7
2492	1	13	0.3
2493	1	67	0.5
2494	1	64	0.6
2495	1	20	0.4
2496	1	40	0.8
2497	1	30	0.4
2498	1	38	1
2499	1	105	0.8
2500	1	34	1
2501	1	65	0.7
2502	1	85	0.7
2503	1	49	0.6
2504	1	25	0.5
2505	1	27	0.5
2506	1	70	0.7
2507	1	65	0.2
2508	1	78	0.6
2509	1	60	0.5
2510	1	65	0.7
2511	1	76	1
2512	1	58	0.5
2513	1	160	1.2
2514	1	130	0.9
2515	1	155	1
2516	1	142	1.1
2517	1	15	0.4
2518	1	31	0.4
2519	1	70	1.1
2520	1	20	0.3
2521	1	38	0.6
2522	1	31	0.6
2523	1	25	0.6
2524	1	38	0.3
2525	1	38	0.4
2526	1	40	0.4
2527	1	76	0.5
2528	1	75	0.7
2529	1	50	0.4
2530	1	53	0.5
2531	1	38	0.3
2532	1	50	0.8
2533	1	75	0.8
2534	1	125	0.9
2535	1	28	0.3
2536	1	52	0.4
2537	1	105	0.7
2538	1	125	1.1
2539	1	33	0.6
2540	1	56	0.8
2541	1	40	0.5
2542	1	45	0.8
2543	1	20	0.4
2544	1	14	0.3
2545	1	140	1.3
2546	1	75	0.8
2547	1	25	0.3
2548	1	116	1.1
2549	1	40	0.4
2550	1	115	0.8
2551	1	39	0.4
2552	1	46	0.4
2553	1	57	0.7
2554	1	33	0.5
2555	1	72	0.7
2556	1	94	1.1
2557	1	58	0.5
2558	1	21	0.4
2559	1	35	0.4
2560	1	105	1.1
2561	1	112	1.2
2562	1	125	1.2
2563	1	64	0.7
2564	1	56	0.6
2565	1	130	0.5
2566	1	45	0.5
2567	1	58	0.6
2568	1	67	0.7
2569	1	17	0.4
2570	1	15	0.4
2571	1	53	0.6
2572	1	53	0.3
2573	1	21	0.3
2574	1	115	1.3
2575	1	78	1.1
2576	1	99	0.9
2577	1	90	0.8
2578	1	105	1
2579	1	78	0.8
2580	1	25	0.4
2581	1	70	0.6
2582	1	70	0.6
2583	1	60	0.8
2584	1	40	0.6
2585	1	20	0.3
2586	1	53	0.4
2587	1	95	1.3
2588	1	31	0.6
2589	1	11	0.2
2590	1	11	0.3
2591	1	41	0.5
2592	1	70	0.6
2593	1	55	0.4
2594	1	160	0.9
2595	1	23	0.4
2596	1	46	0.4
2597	1	115	0.9
2598	1	64	0.8
2599	1	55	0.6
2600	1	23	0.7
2601	1	60	0.7
2602	1	80	0.4
2603	1	75	0.5
2604	1	90	0.6
2605	1	110	0.8
2606	1	117	1.1
2607	1	125	0.9
2608	1	72	0.9
2609	1	65	0.9
2610	1	86	0.8
2611	1	94	1.1
2612	1	57	0.4
2613	1	72	0.5
2614	1	84	0.7
2615	1	92	1
2616	1	130	0.9
2617	1	37	0.5
2618	1	21	0.4
2619	1	108	0.9
2620	1	11	0.3
2621	1	75	0.8
2622	1	45	0.4
2623	1	85	0.6
2624	1	107	1.2
2625	1	130	1.4
2626	1	116	1.1
2627	1	80	0.6
2628	1	98	0.9
2629	1	42	0.5
2630	1	94	0.8
2631	1	62	0.9
2632	1	29	0.5
2633	1	11	0.4
2634	1	41	0.6
2635	1	10	0.3
2636	1	20	0.4
2637	1	38	0.5
2638	1	16	0.2
2639	1	12	0.2
2640	1	6	0.2
2641	1	23	0.4
2642	1	41	0.8
2643	1	12	0.3
2644	1	28	0.4
2645	1	28	0.4
2646	1	56	0.7
2647	1	44	0.6
2648	1	16	0.3
2649	1	58	0.7
2650	1	32	0.4
2651	1	32	0.5
2652	1	15	0.5
2653	1	11	0.4
2654	1	11	0.4
2655	1	28	0.4
2656	1	49	0.6
2657	1	19	0.4
2658	1	53	0.5
2659	1	95	1
2660	1	43	0.7
2661	1	31	0.4
2662	1	28	0.3
2663	1	30	0.4
2664	1	52	0.6
2665	1	68	0.6
2666	1	40	0.4
2667	1	21	0.3
2668	1	49	0.4
2669	1	25	0.3
2670	1	36	0.3
2671	1	20	0.4
2672	1	27	0.3
2673	1	54	0.6
2674	1	78	0.8
2675	1	64	0.7
2676	1	41	0.6
2677	1	33	0.4
2678	1	21	0.4
2679	1	18	0.4
2680	1	57	0.6
2681	1	27	0.4
2682	1	16	0.3
2683	1	41	0.5
2684	1	53	0.8
2685	1	53	0.8
2686	1	19	0.4
2687	1	20	0.3
2688	1	88	0.8
2689	1	50	0.7
2690	1	89	1
2691	1	120	1.1
2692	1	135	1.4
2693	1	92	0.8
2694	1	47	0.7
2695	1	135	1.3
2696	1	130	1
2697	1	46	0.7
2698	1	17	0.7
2699	1	135	1.2
2700	1	30	0.4
2701	1	77	0.7
2702	1	16	0.3
2703	1	24	0.3
2704	1	15	0.4
2705	1	140	1.2
2706	1	110	0.9
2707	1	32	0.2
2708	1	125	1.2
2709	1	50	0.6
2710	1	110	1.1
2711	1	71	0.6
2712	1	123	1
2713	1	63	1
2714	1	50	0.4
2715	1	135	1.4
2716	1	68	0.5
2717	1	150	0.9
2718	1	63	0.6
2719	1	118	0.6
2720	1	150	1.2
2721	1	74	0.9
2722	1	160	1.8
2723	1	25	0.4
2724	1	14	0.4
2725	1	122	0.8
2726	1	114	1.1
2727	1	84	0.7
2728	1	60	0.5
2729	1	31	0.4
2730	1	145	1
2731	1	27	0.5
2732	1	19	0.7
2733	1	25	0.4
2734	1	48	0.6
2735	1	24	0.4
2736	1	20	0.3
2737	1	45	0.4
2738	1	110	1.6
2739	1	25	0.3
2740	1	15	0.2
2741	1	7	0.2
2742	1	41	0.5
2743	1	10	0.4
2744	1	81	0.6
2745	1	32	0.4
2746	1	59	0.5
2747	1	54	0.5
2748	1	13	0.3
2749	1	55	0.6
2750	1	57	0.4
2751	1	26	0.4
2752	1	33	0.4
2753	1	15	0.2
2754	1	21	0.2
2755	1	18	0.1
2756	1	17	0.5
2757	1	17	0.3
2758	1	16	0.2
2759	1	11	0.3
2760	1	8	0.1
2761	1	11	0.2
2762	1	11	0.1
2763	1	15	0.4
2764	1	14	0.3
2765	1	17	0.2
2766	1	4	0.4
2767	1	20	0.3
2768	1	31	0.4
2769	1	50	0.4
2770	1	13	0.4
2771	1	18	0.3
2772	1	50	0.4
2773	1	46	0.5
2774	1	15	0.3
2775	1	58	0.5
2776	1	103	0.7
2777	1	12	0.4
2778	1	10	0.4
2779	1	34	0.6
2780	1	31	0.4
2781	1	23	0.4
2782	1	81	0.6
2783	1	41	0.3
2784	1	77	0.5
2785	1	18	0.4
2786	1	12	0.4
2787	1	30	0.4
2788	1	30	0.4
2789	1	4	0.3
2790	1	14	0.7
2791	1	35	0.4
2792	1	22	0.3
2793	1	31	0.2
2794	1	18	0.3
2795	1	55	0.6
2796	1	17	0.4
2797	1	40	0.6
2798	1	77	0.8
2799	1	15	0.4
2800	1	33	0.5
2801	1	12	0.5
2802	1	17	0.5
2803	1	8	0.4
2804	1	7	0.4
2805	1	56	0.7
2806	1	35	0.5
2807	1	11	0.5
2808	1	70	0.8
2809	1	14	0.5
2810	1	78	0.9
2811	1	39	0.6
2812	1	50	0.5
2813	1	21	0.2
2814	1	10	0.4
2815	1	60	0.8
2816	1	25	0.4
2817	1	23	0.4
2818	1	19	0.4
2819	1	8	0.6
2820	1	23	0.5
2821	1	60	0.4
2822	1	32	0.5
2823	1	165	1.2
2824	1	49	0.5
2825	1	17	0.3
2826	1	35	0.5
2827	1	13	0.4
2828	1	52	0.5
2829	1	43	0.4
2830	1	220	2.8
2831	1	240	4.3
2832	1	160	3.1
2833	1	60	0.6
2834	1	28	0.4
2835	1	14	0.4
2836	1	11	0.3
2837	1	44	0.6
2838	1	25	0.4
2839	1	83	0.8
2840	1	28	0.8
2841	1	50	0.5
2842	1	100	0.7
2843	1	75	0.6
2844	1	37	0.4
2845	1	85	1
2846	1	55	0.5
2847	1	3	0.3
2848	1	10	0.3
2849	1	31	0.5
2850	1	58	0.6
2851	1	46	0.5
2852	1	37	0.4
2853	1	44	0.6
2854	1	46	0.4
2855	1	17	0.2
2856	1	22	0.4
2857	1	35	0.5
2858	1	37	0.4
2859	1	28	0.4
2860	1	45	0.4
2861	1	112	0.7
2862	1	28	0.2
2863	1	73	0.8
2864	1	12	0.4
2865	1	45	0.5
2866	1	22	0.5
2867	1	112	1
2868	1	73	0.8
2869	1	55	0.5
2870	1	90	0.5
2871	1	67	0.8
2872	1	64	0.5
2873	1	75	0.5
2874	1	29	0.5
2875	1	80	0.5
2876	1	20	0.4
2877	1	14	0.6
2878	1	39	0.6
2879	1	26	0.4
2880	1	45	0.6
2881	1	150	0.8
2882	1	170	1.6
2883	1	23	0.3
2884	1	13	0.2
2885	1	32	0.2
2886	1	29	0.6
2887	1	22	0.2
2888	1	60	0.5
2889	1	25	0.4
2890	1	11	0.2
2891	1	16	0.4
2892	1	75	0.5
2893	1	43	0.3
2894	1	25	0.3
2895	1	15	0.1
2896	1	10	0.2
2897	1	8	0.1
2898	1	13	0.3
2899	1	102	0.7
2900	1	55	0.6
2901	1	29	0.7
2902	1	68	0.5
2903	1	22	1
2904	1	60	0.5
2905	1	18	0.2
2906	1	32	0.4
2907	1	52	0.6
2908	1	52	0.5
2909	1	34	0.3
2910	1	38	0.4
2911	1	80	0.9
2912	1	16	0.4
2913	1	18	0.5
2914	1	30	0.3
2915	1	80	0.6
2916	1	160	1.3
2917	1	33	0.5
2918	1	22	0.4
2919	1	65	0.7
2920	1	20	0.5
2921	1	26	0.5
2922	1	43	0.3
2923	1	100	0.7
2924	1	25	0.3
2925	1	9	0.2
2926	1	49	0.7
2927	1	62	0.5
2928	1	10	0.2
2929	1	24	0.3
2930	1	36	0.7
2931	1	44	0.4
2932	1	22	0.3
2933	1	26	0.3
2934	1	25	0.3
2935	1	103	0.8
2936	1	100	0.7
2937	1	35	0.5
2938	1	14	0.6
2939	1	110	0.9
2940	1	42	0.6
2941	0	250	4.9
2942	0	150	3.9
2943	0	200	3.5
2944	1	6	0.1
2945	1	4	0.2
2946	1	5	0.1
2947	1	87	0.5
2948	1	20	0.2
2949	1	50	0.4
2950	1	53	0.6
2951	1	10	0.1
2952	1	60	0.5
2953	1	75	0.6
2954	1	72	0.3
2955	1	16	0.4
2956	1	38	0.5
2957	1	17	0.4
2958	1	60	0.5
2959	1	75	0.6
2960	1	72	0.3
2961	1	16	0.4
2962	1	38	0.5
2963	1	17	0.4
2964	1	70	1.2
2965	1	40	0.6
2966	1	54	0.6
2967	1	76	0.6
2968	1	23	0.5
2969	1	82	0.7
2970	1	9	0.3
2971	1	95	0.8
2972	1	9	0.2
2973	1	45	0.5
2974	1	24	0.4
2975	1	27	0.2
2976	1	22	0.3
2977	1	15	0.2
2978	1	20	0.3
2979	1	11	0.2
2980	1	7	0.2
2981	1	44	0.5
2982	1	23	0.8
2983	1	11	0.2
2984	1	30	0.4
2985	1	43	0.4
2986	1	17	0.6
2987	1	15	0.4
2988	1	51	0.6
2989	1	77	0.7
2990	1	101	1.2
2991	1	63	0.8
2992	1	20	0.3
2993	1	23	0.6
2994	1	68	0.9
2995	1	90	0.9
2996	1	72	0.7
2997	1	57	0.6
2998	1	16	0.2
2999	1	9	0.2
3000	1	20	0.3
3001	1	67	0.8
3002	1	18	0.3
3003	1	33	0.4
3004	1	39	0.4
3005	1	50	0.4
3006	1	7	0.2
3007	1	53	0.4
3008	1	33	0.4
3009	1	47	0.2
3010	1	13	0.2
3011	1	85	0.8
3012	1	54	0.6
3013	1	20	0.3
3014	1	14	0.3
3015	1	96	0.8
3016	1	5	0.2
3017	1	117	1.2
3018	1	71	0.6
3019	1	53	0.5
3020	1	18	0.4
3021	1	115	1.1
3022	1	50	0.5
3023	1	21	0.4
3024	1	13	0.2
3025	1	59	0.9
3026	1	38	0.4
3027	1	56	0.5
3028	1	73	0.6
3029	1	34	0.4
3030	1	30	0.4
3031	1	20	0.3
3032	1	77	1
3033	1	28	0.3
3034	1	72	0.6
3035	1	80	0.7
3036	1	41	0.5
3037	1	37	0.5
3038	1	37	0.3
3039	1	31	0.3
3040	1	39	0.4
3041	1	26	0.4
3042	1	13	0.2
3043	1	32	0.3
3044	1	25	0.3
3045	1	38	0.3
3046	1	52	0.5
3047	1	66	0.7
3048	1	75	0.7
3049	1	76	0.6
3050	1	48	0.5
3051	1	60	0.7
3052	1	160	1.8
3053	1	45	0.2
3054	1	50	0.3
3055	1	62	0.6
3056	1	30	0.5
3057	1	23	0.2
3058	1	45	0.3
3059	0	103	1.6
3060	0	260	4.6
3061	0	230	3.2
3062	0	80	0.8
3063	1	NaN	0.5
3064	1	45	0.6
3065	1	16	0.4
3066	1	19	0.6
3067	1	30	0.8
3068	1	45	0.5
3069	1	51	0.7
3070	1	33	0.4
3071	1	104	0.9
3072	1	48	0.5
3073	1	27	0.4
3074	1	48	0.5
3075	1	27	0.4
3076	1	13	0.3
3077	1	34	0.4
3078	1	15	0.2
3079	1	73	0.5
3080	1	65	0.7
3081	1	105	3.3
3082	1	85	2
3083	1	82	0.5
3084	1	70	0.9
3085	1	40	0.5
3086	1	25	0.4
3087	1	18	0.2
3088	1	67	0.5
3089	1	49	0.4
3090	1	51	0.4
3091	1	29	0.3
3092	1	10	0.4
3093	1	30	0.4
3094	1	75	0.5
3095	1	43	0.4
3096	1	100	0.6
3097	1	30	0.6
3098	1	18	0.3
3099	1	80	0.6
3100	1	110	1
3101	1	85	0.6
3102	1	104	0.8
3103	1	35	0.4
3104	1	12	0.3
3105	1	43	0.4
3106	1	14	0.2
3107	1	40	0.6
3108	1	53	0.5
3109	1	53	0.6
3110	1	56	0.7
3111	1	111	1.1
3112	1	20	0.3
3113	1	34	0.4
3114	1	95	0.5
3115	1	28	0.4
3116	1	27	0.5
3117	0	95	0.8
3118	0	93	1
3119	0	86	1.4
3120	0	86	1.3
3121	0	130	0.9
3122	0	170	1.9
3123	0	170	1.9
3124	0	130	1.5
3125	0	95	2
3126	1	14	0.2
3127	1	35	0.4
3128	1	7	0.3
3129	1	33	0.4
3130	1	77	0.8
3131	1	11	0.4
3132	1	13	0.2
3133	1	23	0.4
3134	1	82	0.5
3135	1	97	0.6
3136	1	280	3.4
3137	1	12	0.3
3138	1	23	0.5
3139	1	19	0.3
3140	1	49	1.1
3141	1	90	0.8
3142	1	32	0.4
3143	1	13	0.2
3144	1	95	2.1
3145	1	72	0.5
3146	1	18	0.2
3147	1	27	0.2
3148	1	20	0.3
3149	1	25	0.4
3150	1	30	0.5
3151	1	75	0.5
3152	1	135	1.2
3153	0	31	0.9
3154	1	18	1.7
3155	1	16	0.6
3156	1	9	0.4
3157	1	19	0.2
3158	1	18	0.5
3159	1	11	0.2
3160	1	18	0.2
3161	1	7	0.2
3162	1	220	3.2
3163	1	250	2.8
3164	1	300	3.7
3165	1	42	0.4
3166	1	26	0.3
3167	1	30	0.5
3168	1	10	0.2
3169	1	22	0.3
3170	1	14	0.2
3171	1	29	0.3
3172	1	23	0.4
3173	1	38	0.8
3174	1	14	0.2
3175	1	92	1.1
3176	1	52	0.4
3177	1	52	0.6
3178	1	32	0.5
3179	1	23	0.3
3180	1	11	0.1
3181	1	62	0.5
3182	1	22	0.7
3183	1	40	0.5
3184	1	54	0.4
3185	1	19	0.3
3186	1	84	1
3187	1	50	0.8
3188	1	93	1.2
3189	1	22	0.4
3190	1	28	0.5
3191	1	29	0.4
3192	1	104	1.3
3193	1	67	0.6
3194	1	40	0.6
3195	1	131	1.1
3196	1	7	0.2
3197	1	25	0.4
3198	0	85	1.6
3199	1	15	0.2
3200	0	143	1.7
3201	1	28	0.6
3202	1	34	0.3
3203	0	55	1.2
3204	0	55	0.8
3205	0	63	1.3
3206	0	76	1.6
3207	0	48	0.9
3208	0	74	1.2
3209	0	72	1
3210	0	103	1.5
3211	0	20	0.6
3212	0	82	0.6
3213	0	79	1
3214	0	92	1
3215	0	72	0.5
3216	0	69	1.1
3217	1	50	1.9
3218	0	60	1.2
3219	0	103	2.1
3220	0	40	1.7
3221	0	88	1.1
3222	0	62	1.9
3223	0	45	1.2
3224	0	82	1.3
3225	0	17	1.8
3226	0	134	1.7
3227	0	75	1.1
3228	0	39	1.8
3229	0	48	1.6
3230	0	44	0.7
3231	1	144	2.3
3232	1	58	0.4
3233	1	28	0.3
3234	1	54	0.4
3235	1	33	0.6
3236	0	70	0.5
3237	0	113	1.4
3238	0	98	2
3239	0	31	0.7
3240	0	54	0.4
3241	0	87	1.2
3242	1	23	1.2
3243	1	47	0.2
3244	1	41	0.5
3245	1	20	0.2
3246	0	64	1.7
3247	0	58	1.1
3248	0	88	1.3
3249	0	68	1.1
3250	0	92	1.3
3251	0	97	1.1
3252	1	71	0.5
3253	0	61	1.3
3254	0	74	1.2
3255	1	31	0.6
3256	1	160	2
3257	0	72	2.4
3258	0	134	3.1
3259	1	54	0.9
3260	1	73	0.6
3261	1	15	0.2
3262	1	30	0.2
3263	1	45	0.5
3264	1	23	0.2
3265	1	80	0.7
3266	1	42	0.4
3267	1	45	0.6
3268	1	32	0.5
3269	1	160	2.7
3270	1	170	2.6
3271	1	175	5.6
3272	1	69	2.4
3273	1	112	1.8
3274	1	147	2.9
3275	1	180	3.2
3276	1	45	1
3277	1	94	1
3278	1	31	0.7
3279	1	38	0.2
3280	1	30	0.2
3281	1	48	0.5
3282	1	77	0.6
3283	1	106	0.8
3284	1	80	0.5
3285	1	26	0.3
3286	1	26	0.2
3287	1	24	0.3
3288	1	25	1.4
3289	1	21	0.8
3290	1	120	1.5
3291	1	63	0.9
3292	1	140	1.2
3293	1	83	0.9
3294	1	85	1
3295	1	98	1
3296	1	118	0.9
3297	1	36	0.5
3298	1	48	0.5
3299	1	37	0.5
3300	1	72	0.9
3301	1	79	0.7
3302	1	25	0.3
3303	1	23	0.4
3304	1	45	0.5
3305	1	51	0.5
3306	1	71	0.6
3307	1	81	0.7
3308	1	80	0.8
3309	1	13	0.2
3310	1	12	0.4
3311	1	35	0.5
3312	1	56	0.6
3313	1	115	1.1
3314	1	81	0.8
3315	1	30	0.4
3316	1	44	0.5
3317	1	40	0.4
3318	1	30	0.3
3319	1	15	0.2
3320	1	6	0.2
3321	1	44	0.3
3322	1	8	0.3
3323	1	22	0.3
3324	1	51	0.6
3325	1	31	0.2
3326	1	25	0.4
3327	1	42	0.3
3328	1	27	0.5
3329	1	29	0.6
3330	1	15	0.4
3331	1	17	0.2
3332	1	38	0.8
3333	1	29	0.3
3334	1	48	0.6
3335	1	69	0.7
3336	1	34	0.2
3337	1	65	0.5
3338	1	15	0.3
3339	1	34	0.3
3340	1	7	0.4
3341	1	47	0.5
3342	1	23	0.3
3343	1	8	0.2
3344	1	22	0.2
3345	1	66	0.5
3346	1	18	0.2
3347	1	60	0.4
3348	1	24	0.2
3349	1	18	0.2
3350	1	100	0.6
3351	0	170	2.4
3352	1	23	0.3
3353	1	60	1
3354	1	28	0.3
3355	1	76	0.6
3356	1	40	0.5
3357	1	40	0.5
3358	1	81	1
3359	1	107	1.2
3360	1	133	1.3
3361	1	9	0.3
3362	1	41	0.4
3363	1	52	0.5
3364	1	43	0.6
3365	1	58	0.8
3366	1	18	0.2
3367	1	33	0.3
3368	1	39	0.3
3369	1	12	0.3
3370	1	46	0.7
3371	1	87	0.8
3372	1	20	0.9
3373	1	22	0.3
3374	1	11	0.3
3375	1	13	0.7
3376	1	28	0.5
3377	1	11	0.3
3378	1	10	0.3
3379	1	25	0.4
3380	1	52	0.9
3381	1	10	0.4
3382	1	91	1
3383	1	20	0.2
3384	1	68	0.6
3385	1	70	0.8
3386	1	44	0.7
3387	1	60	0.9
3388	1	42	0.5
3389	1	35	0.4
3390	1	43	0.5
3391	1	40	0.5
3392	1	46	0.6
3393	1	20	0.4
3394	1	28	0.6
3395	1	28	0.6
3396	1	30	0.4
3397	1	62	0.6
3398	1	85	0.8
3399	1	80	1
3400	0	57	0.5
3401	1	20	0.3
3402	1	10	0.2
3403	1	26	0.4
3404	1	35	0.4
3405	1	31	0.4
3406	1	19	0.4
3407	1	26	0.4
3408	1	51	0.4
3409	1	16	0.3
3410	1	24	0.3
3411	1	20	0.3
3412	0	58	1
3413	1	25	0.3
3414	1	25	0.3
3415	1	15	0.3
3416	0	280	5.4
3417	0	270	4.9
3418	0	160	2.8
3419	1	62	0.5
3420	1	30	0.5
3421	0	270	3.6
3422	0	270	3.2
3423	0	160	1.3
3424	0	280	4.4
3425	0	250	5.1
3426	0	132	2.1
3427	0	170	2.5
3428	0	180	2.8
3429	1	13	0.3
3430	0	180	4.1
3431	1	16	0.3
3432	1	20	0.4
3433	1	11	0.2
3434	1	8	0.2
3435	1	9	0.1
3436	1	28	0.3
3437	1	15	0.3
3438	1	35	0.4
3439	1	12	0.2
3440	1	14	0.3
3441	1	5	0.2
3442	1	5	0.2
3443	1	2	0.1
3444	1	10	0.2
3445	1	18	0.5
3446	0	280	5.4
3447	0	170	2.4
3448	0	230	4.3
3449	1	28	0.4
3450	1	10	0.2
3451	1	26	0.5
3452	1	65	0.7
3453	1	52	0.6
3454	1	125	0.8
3455	1	65	0.6
3456	1	147	1.4
3457	1	12	0.4
3458	1	12	0.3
3459	0	112	1.8
3460	1	25	0.5
3461	1	26	0.4
3462	1	21	0.4
3463	1	120	2.6
3464	1	36	0.5
3465	0	210	6.7
3466	0	165	2.1
3467	0	280	6.6
3468	1	42	1.1
3469	1	25	1.3
3470	1	14	0.7
3471	1	100	2.1
3472	1	23	0.3
3473	1	22	0.5
3474	1	36	1.4
3475	1	21	0.2
3476	1	41	0.4
3477	1	10	0.2
3478	1	22	0.2
3479	1	13	0.3
3480	1	34	0.4
3481	1	15	0.3
3482	1	48	0.6
3483	1	83	0.8
3484	1	37	0.9
3485	1	91	0.7
3486	1	48	0.6
3487	1	118	0.9
3488	1	64	0.6
3489	1	87	0.9
3490	1	21	0.3
3491	1	41	0.5
3492	1	85	0.7
3493	1	46	0.5
3494	1	11	0.2
3495	1	47	0.7
3496	1	41	0.6
3497	1	22	0.4
3498	1	32	0.6
3499	1	82	0.8
3500	1	66	0.5
3501	1	38	0.3
3502	1	43	0.3
3503	1	66	0.5
3504	1	71	0.6
3505	1	61	0.7
3506	1	87	0.8
3507	1	31	0.4
3508	1	110	1.1
3509	1	86	1.2
3510	1	125	1
3511	1	145	1.1
3512	1	NaN	0.4
3513	1	21	0.5
3514	1	47	0.5
3515	1	32	0.5
3516	1	33	0.3
3517	1	18	0.4
3518	1	18	0.4
3519	1	39	0.4
3520	1	36	0.4
3521	1	62	0.6
3522	1	28	0.4
3523	1	79	0.5
3524	1	30	0.3
3525	1	22	0.5
3526	1	35	0.4
3527	1	53	0.4
3528	1	22	0.4
3529	1	11	0.3
3530	1	26	0.5
3531	1	23	0.4
3532	1	11	0.2
3533	1	15	0.4
3534	1	23	0.5
3535	1	56	0.6
3536	1	38	0.4
3537	1	43	0.3
3538	1	23	0.4
3539	1	22	0.2
3540	1	51	0.5
3541	1	38	0.7
3542	1	40	0.2
3543	1	47	0.3
3544	1	51	0.3
3545	1	26	0.4
3546	1	20	0.3
3547	1	117	1.2
3548	1	73	0.7
3549	1	110	0.9
3550	1	70	0.6
3551	1	35	0.5
3552	1	55	0.4
3553	1	135	0.9
3554	1	45	0.7
3555	1	26	0.5
3556	1	16	0.4
3557	1	45	0.9
3558	1	63	0.7
3559	1	103	0.8
3560	1	30	0.4
3561	1	27	0.3
3562	1	31	0.3
3563	1	67	0.4
3564	1	84	2.1
3565	1	53	0.5
3566	1	56	0.5
3567	1	74	0.7
3568	1	70	0.5
3569	1	41	0.4
3570	1	33	0.4
3571	1	37	0.5
3572	1	44	0.5
3573	1	20	0.3
3574	1	81	0.7
3575	1	120	1.2
3576	1	35	0.5
3577	1	10	0.2
3578	1	2	0.1
3579	1	10	0.4
3580	1	30	0.3
3581	1	25	0.4
3582	1	51	0.7
3583	1	67	0.9
3584	0	94	1.9
3585	0	42	1.8
3586	0	86	1.8
3587	0	91	1.6
3588	0	65	1.8
3589	0	108	2.8
3590	0	94	1.9
3591	0	48	0.9
3592	0	56	1.6
3593	1	51	0.4
3594	1	60	0.6
3595	1	88	0.8
3596	1	51	0.7
3597	1	40	0.3
3598	1	65	0.6
3599	1	38	0.5
3600	1	64	0.6
3601	1	37	0.3
3602	1	99	1.1
3603	1	56	0.6
3604	1	40	0.5
3605	1	91	1
3606	1	82	0.9
3607	1	117	1
3608	1	40	0.5
3609	1	61	0.6
3610	1	80	0.8
3611	1	13	0.6
3612	1	35	0.3
3613	1	48	0.4
3614	1	15	1.2
3615	1	112	1.1
3616	1	112	1.4
3617	1	90	0.6
3618	1	95	0.8
3619	1	147	1.6
3620	1	70	1.1
3621	1	98	1
3622	1	45	0.5
3623	1	33	0.4
3624	1	22	0.5
3625	1	22	0.4
3626	1	59	0.7
3627	1	25	0.3
3628	1	15	0.3
3629	1	30	0.5
3630	1	21	0.4
3631	1	60	0.7
3632	1	36	0.3
3633	1	43	0.5
3634	1	20	0.3
3635	1	28	0.2
3636	1	33	0.3
3637	1	14	0.3
3638	1	44	0.6
3639	1	90	0.9
3640	1	15	0.3
3641	1	23	0.3
3642	1	50	0.6
3643	1	48	0.5
3644	1	41	0.5
3645	1	37	0.6
3646	1	42	0.5
3647	1	28	0.5
3648	1	32	0.6
3649	1	32	0.5
3650	1	32	0.2
3651	1	23	0.4
3652	1	25	0.3
3653	1	36	0.4
3654	1	29	0.4
3655	1	40	0.6
3656	1	50	0.6
3657	1	40	0.7
3658	1	34	0.3
3659	1	20	0.3
3660	1	40	0.5
3661	1	50	0.5
3662	1	82	0.8
3663	1	24	0.6
3664	1	58	0.5
3665	1	35	0.6
3666	1	49	0.7
3667	1	52	0.6
3668	1	43	0.5
3669	1	45	0.5
3670	1	26	0.5
3671	1	41	0.8
3672	1	15	0.6
3673	1	87	0.7
3674	1	73	0.5
3675	1	34	0.4
3676	1	34	0.3
3677	1	33	0.5
3678	1	55	0.6
3679	1	45	0.7
3680	1	54	0.5
3681	1	25	0.5
3682	1	88	0.7
3683	1	32	0.3
3684	1	76	0.7
3685	1	160	0.9
3686	1	148	1.1
3687	1	160	1
3688	1	70	0.5
3689	1	12	0.3
3690	1	56	0.6
3691	1	92	0.9
3692	1	45	0.5
3693	1	35	0.6
3694	1	39	0.5
3695	1	94	1.1
3696	1	NaN	0.2
3697	1	56	0.5
3698	1	16	0.6
3699	1	18	0.3
3700	1	35	0.7
3701	1	33	0.5
3702	1	53	0.5
3703	1	53	0.5
3704	1	60	0.4
3705	1	40	0.4
3706	1	30	0.7
3707	1	50	0.6
3708	1	60	0.5
3709	1	27	0.5
3710	1	53	0.4
3711	1	66	0.5
3712	1	60	0.6
3713	1	29	0.4
3714	1	29	0.5
3715	1	32	0.4
3716	1	135	1.1
3717	1	39	0.4
3718	1	60	0.5
3719	1	51	0.5
3720	1	25	0.3
3721	1	26	0.3
3722	1	160	1.1
3723	1	60	0.8
3724	1	65	0.4
3725	1	20	0.4
3726	1	70	0.7
3727	1	160	1.5
3728	1	27	0.4
3729	1	45	0.4
3730	1	41	0.2
3731	1	46	0.5
3732	1	30	0.4
3733	1	70	1
3734	1	28	0.7
3735	1	12	0.3
3736	1	45	0.6
3737	1	28	0.4
3738	1	77	0.7
3739	1	18	0.4
3740	1	160	0.9
3741	1	115	0.6
3742	1	102	0.8
3743	1	147	1
3744	1	130	0.8
3745	1	150	1.1
3746	1	99	0.7
3747	1	28	0.5
3748	1	15	0.4
3749	1	90	0.6
3750	1	16	0.3
3751	1	9	0.4
3752	1	17	0.4
3753	1	36	0.5
3754	1	37	0.4
3755	1	53	0.3
3756	1	27	0.5
3757	1	20	0.4
3758	1	44	0.8
3759	1	38	0.4
3760	1	36	0.5
3761	1	20	0.3
3762	1	26	0.5
3763	1	33	0.4
3764	1	62	0.7
3765	1	24	0.5
3766	1	30	0.4
3767	1	30	0.4
3768	1	21	0.5
3769	1	28	0.3
3770	1	69	0.7
3771	1	57	0.4
3772	1	46	0.4
3773	1	32	0.3
3774	1	41	0.4
3775	1	50	0.5
3776	1	30	0.3
3777	1	59	0.4
3778	1	25	0.4
3779	1	25	0.4
3780	1	8	0.3
3781	1	26	0.4
3782	1	23	0.5
3783	1	47	0.4
3784	1	32	0.4
3785	1	7	0.1
3786	1	14	0.4
3787	1	90	1.1
3788	1	19	0.5
3789	1	33	0.5
3790	1	15	0.3
3791	1	55	0.4
3792	1	63	0.7
3793	1	9	0.2
3794	1	1	0.1
3795	0	52	1.5
3796	1	70	1.7
3797	1	44	0.5
3798	1	19	0.2
3799	1	29	0.5
3800	1	15	0.2
3801	0	27	0.9
3802	0	68	1.3
3803	1	46	0.5
3804	1	66	0.5
3805	1	50	0.6
3806	1	34	0.8
3807	1	50	0.7
3808	1	43	1.3
3809	1	5	0.4
3810	0	100	4.4
3811	0	240	2.8
3812	0	51	1.9
3813	0	39	0.5
3814	0	53	1.2
3815	1	26	0.5
3816	1	30	0.4
3817	1	7	0.2
3818	0	102	1.5
3819	0	106	1.5
3820	0	77	2.4
3821	1	62	0.5
3822	0	25	1
3823	0	112	2
3824	0	52	0.6
3825	1	55	0.5
3826	1	50	0.5
3827	1	51	0.4
3828	0	50	1.4
3829	0	123	2.9
3830	1	18	1.2
3831	1	22	0.1
3832	0	40	0.5
3833	0	61	0.8
3834	1	1	0.1
3835	1	1	0.1
3836	0	82	1.6
3837	1	30	0.5
3838	0	83	1
3839	0	47	0.9
3840	1	20	0.5
3841	0	46	1
3842	1	22	1.2
3843	0	42	1
3844	1	43	0.5
3845	1	53	0.4
3846	1	19	0.2
3847	1	61	1
3848	0	86	1.1
3849	0	210	0.9
3850	0	280	3.5
3851	0	190	3.2
3852	0	280	3.4
3853	1	39	0.4
3854	1	43	1.5
3855	1	67	1.3
3856	1	11	0.2
3857	1	67	0.5
3858	1	92	1.2
3859	1	70	1.1
3860	1	32	0.6
3861	1	26	0.5
3862	0	45	0.7
3863	1	39	0.3
3864	0	250	2.8
3865	0	230	4.7
3866	0	100	1.5
3867	0	32	0.5
3868	0	39	0.8
3869	0	40	1.5
3870	0	65	0.9
3871	0	110	1
3872	0	210	2.5
3873	0	220	2.5
3874	1	170	2.5
3875	1	51	1.1
3876	1	74	1.6
3877	1	85	1.2
3878	0	210	4
3879	0	215	3.4
3880	0	39	0.9
3881	0	30	0.6
3882	0	143	1.8
3883	1	73	1.4
3884	0	20	1.5
3885	1	11	0.4
3886	1	12	0.2
3887	1	40	0.8
3888	1	34	0.5
3889	1	42	0.3
3890	1	3	0.1
3891	1	2	0.1
3892	1	14	0.3
3893	1	5	0.1
3894	1	15	0.2
3895	1	28	0.4
3896	1	24	0.4
3897	1	23	0.2
3898	1	71	0.5
3899	1	34	0.3
3900	1	43	0.4
3901	1	25	0.2
3902	1	27	0.3
3903	1	125	2.6
3904	1	47	0.5
3905	1	34	0.4
3906	0	143	1.8
3907	1	73	1.4
3908	1	38	1.5
3909	0	20	1.5
3910	1	35	1.4
3911	1	11	0.4
3912	1	12	0.2
3913	1	40	0.8
3914	1	34	0.5
3915	1	42	0.3
3916	1	105	2
3917	1	3	0.1
3918	1	2	0.1
3919	1	14	0.3
3920	1	5	0.1
3921	1	15	0.2
3922	1	28	0.4
3923	1	24	0.4
3924	1	23	0.2
3925	1	71	0.5
3926	1	34	0.3
3927	1	43	0.4
3928	1	25	0.2
3929	1	27	0.3
3930	1	125	2.6
3931	1	47	0.5
3932	1	34	0.4
3933	1	61	0.6
3934	1	65	0.7
3935	1	128	0.6
3936	1	102	0.9
3937	1	15	0.2
3938	1	23	0.5
3939	1	120	0.7
3940	1	61	0.4
3941	1	33	0.3
3942	1	84	0.5
3943	1	56	0.06
3944	1	15	0.3
3945	1	33	0.4
3946	1	110	0.9
3947	1	32	0.3
3948	1	62	0.5
3949	1	85	0.5
3950	1	32	0.4
3951	1	15	0.3
3952	1	34	0.2
3953	1	85	0.5
3954	1	47	0.5
3955	1	25	0.4
3956	1	86	0.7
3957	1	76	0.6
3958	1	62	0.8
3959	1	85	0.7
3960	1	64	0.6
3961	1	58	0.3
3962	1	69	0.4
3963	1	75	0.6
3964	1	37	0.4
3965	1	60	0.6
3966	1	50	0.5
3967	1	25	0.4
3968	1	82	0.6
3969	1	65	0.9
3970	1	16	0.4
3971	1	56	0.6
3972	1	82	0.6
3973	1	14	0.3
3974	1	14	0.3
3975	1	6	0.3
3976	1	28	0.5
3977	1	11	0.2
3978	1	40	0.3
3979	1	23	0.4
3980	1	38	0.3
3981	1	25	0.3
3982	1	82	0.8
3983	1	45	0.7
3984	1	16	0.2
3985	1	15	0.3
3986	1	52	0.4
3987	1	105	1.2
3988	1	19	0.4
3989	1	85	0.4
3990	1	113	0.9
3991	1	72	0.6
3992	1	74	0.5
3993	1	43	0.4
3994	1	57	0.5
3995	1	95	0.9
3996	1	35	0.4
3997	1	75	0.6
3998	1	25	0.3
3999	1	29	0.4
4000	1	44	0.4
4001	1	80	0.7
4002	1	32	0.2
4003	1	73	0.5
4004	1	24	0.4
4005	1	33	0.5
4006	1	90	1.8
4007	1	32	0.4
4008	1	20	0.2
4009	1	31	0.3
4010	1	30	0.4
4011	1	21	0.3
4012	1	24	0.3
4013	1	61	0.4
4014	1	51	0.7
4015	1	280	5.2
4016	1	72	0.8
4017	1	92	0.7
4018	1	24	0.6
4019	1	93	1.1
4020	1	80	0.9
4021	1	83	0.7
4022	1	52	0.5
4023	1	130	1.1
4024	1	160	1.3
4025	1	115	0.7
4026	1	54	0.6
4027	1	70	0.6
4028	1	132	0.9
4029	1	102	1.1
4030	1	24	0.4
4031	1	112	1.1
4032	1	75	0.5
4033	1	144	1.2
4034	1	15	0.4
4035	1	25	0.3
4036	1	80	1
4037	1	35	0.3
4038	1	55	0.7
4039	1	20	0.5
4040	1	56	0.5
4041	1	49	0.5
4042	1	38	0.5
4043	1	20	0.4
4044	1	21	0.3
4045	1	13	0.3
4046	1	27	0.5
4047	1	9	0.2
4048	1	18	0.3
4049	1	26	0.4
4050	1	15	0.4
4051	1	100	1.1
4052	1	21	0.4
4053	1	50	0.5
4054	1	60	0.5
4055	1	13	0.3
4056	1	38	0.5
4057	1	61	0.6
4058	1	8	0.2
4059	1	44	0.5
4060	1	29	0.3
4061	1	65	0.6
4062	1	23	0.3
4063	1	93	1
4064	1	66	0.8
4065	1	46	0.4
4066	1	58	0.6
4067	1	29	0.2
4068	1	63	0.9
4069	1	101	0.9
4070	1	64	0.6
4071	1	14	0.2
4072	1	15	0.2
4073	1	31	0.3
4074	1	21	0.4
4075	1	16	0.3
4076	1	29	0.4
4077	1	27	0.4
4078	1	270	4.5
4079	1	81	1.1
4080	1	80	1.1
4081	1	99	1
4082	1	128	1.1
4083	1	31	0.4
4084	1	34	0.5
4085	1	50	0.5
4086	1	51	0.6
4087	1	9	0.3
4088	1	11	0.3
4089	1	36	1
4090	1	45	1.7
4091	1	45	0.4
4092	1	23	0.4
4093	1	57	0.7
4094	0	53	0.7
4095	0	22	0.3
4096	1	30	0.4
4097	1	55	0.5
4098	1	19	0.4
4099	1	27	0.5
4100	1	64	0.3
4101	1	68	0.7
4102	1	30	0.5
4103	1	21	0.5
4104	1	46	1
4105	0	73	1.4
4106	0	58	0.6
4107	0	61	1.2
4108	1	26	0.4
4109	1	23	0.3
4110	1	42	0.5
4111	1	70	2
4112	1	25	0.6
4113	1	20	0.6
4114	1	8	0.1
4115	1	42	0.5
4116	1	14	0.4
4117	1	56	1
4118	1	54	1.5
4119	1	25	0.5
4120	1	18	0.3
4121	1	35	0.3
4122	1	32	0.5
4123	1	32	0.4
4124	1	30	0.2
4125	0	20	0.9
4126	0	55	1.3
4127	0	62	1.4
4128	0	54	0.6
4129	0	66	0.9
4130	0	38	0.6
4131	0	44	0.9
4132	0	23	0.4
4133	0	40	1.2
4134	0	50	1
4135	0	67	1.4
4136	1	53	0.4
4137	1	40	0.4
4138	0	80	0.7
4139	0	85	0.9
4140	1	50	0.6
4141	1	35	0.6
4142	1	55	0.6
4143	1	43	0.8
4144	1	44	0.4
4145	1	42	0.7
4146	1	41	0.3
4147	1	100	1.1
4148	1	28	0.3
4149	1	37	0.6
4150	1	75	0.8
4151	1	29	0.4
4152	1	62	0.6
4153	1	48	0.5
4154	1	63	0.7
4155	1	280	5.2
4156	1	27	0.4
4157	1	71	1
4158	1	23	0.4
4159	1	87	0.7
4160	1	20	0.4
4161	1	40	1.1
4162	1	52	0.5
4163	1	160	1.4
4164	1	150	1
4165	1	34	0.6
4166	1	90	0.5
4167	1	66	0.4
4168	1	62	0.3
4169	1	79	0.6
4170	1	79	0.6
4171	1	67	0.8
4172	1	85	0.7
4173	1	53	0.5
4174	1	13	0.2
4175	1	18	0.4
4176	1	10	0.2
4177	1	16	0.4
4178	1	12	0.5
4179	1	59	0.4
4180	1	75	0.5
4181	1	64	0.6
4182	1	25	0.3
4183	1	57	0.5
4184	1	59	0.4
4185	1	32	0.3
4186	1	37	0.3
4187	1	71	0.5
4188	1	19	0.3
4189	1	41	0.3
4190	1	39	0.2
4191	1	52	0.4
4192	1	40	0.4
4193	1	32	0.4
4194	1	52	0.3
4195	1	26	0.4
4196	1	43	0.5
4197	1	58	0.6
4198	1	41	0.5
4199	1	71	0.7
4200	1	20	0.3
4201	1	17	0.4
4202	1	27	0.2
4203	1	52	0.8
4204	1	17	0.3
4205	1	22	0.3
4206	1	26	0.3
4207	1	45	0.5
4208	1	32	0.7
4209	1	43	0.4
4210	1	46	0.4
4211	1	18	0.5
4212	1	60	0.7
4213	1	36	0.4
4214	1	33	0.3
4215	1	22	0.5
4216	1	107	0.8
4217	1	90	0.7
4218	1	38	0.7
4219	1	35	1
4220	1	72	0.5
4221	1	36	0.4
4222	1	95	0.8
4223	1	76	0.8
4224	1	76	0.6
4225	1	72	0.5
4226	1	62	0.6
4227	1	155	1.3
4228	1	24	0.3
4229	1	92	1
4230	1	14	0.6
4231	1	51	0.5
4232	1	72	0.6
4233	1	102	0.7
4234	1	128	2.4
4235	0	80	1.2
4236	0	170	3.4
4237	0	145	2.5
4238	0	200	2.6
4239	1	210	2.7
4240	1	80	0.6
4241	1	30	0.6
4242	1	90	0.5
4243	1	96	0.5
4244	1	58	0.7
4245	1	25	0.6
4246	1	160	0.9
4247	1	72	0.5
4248	1	117	1.1
4249	1	153	1
4250	1	150	1
4251	1	170	1.2
4252	1	160	1.2
4253	1	10	0.5
4254	1	20	0.5
4255	1	30	0.5
4256	1	121	0.6
4257	1	28	0.5
4258	1	90	0.6
4259	1	60	0.4
4260	1	34	0.3
4261	1	45	0.2
4262	1	17	0.4
4263	1	61	0.4
4264	1	69	0.6
4265	1	69	0.5
4266	1	38	0.4
4267	1	32	0.3
4268	1	70	1
4269	1	38	0.9
4270	1	37	0.4
4271	1	52	0.4
4272	1	23	0.3
4273	1	78	0.7
4274	1	97	0.9
4275	1	16	0.1
4276	1	75	0.9
4277	1	110	1.1
4278	1	30	0.3
4279	1	61	0.5
4280	1	40	0.3
4281	1	23	0.5
4282	1	23	0.2
4283	1	30	0.7
4284	1	15	0.5
4285	1	31	0.2
4286	1	15	0.3
4287	1	45	0.4
4288	1	56	0.5
4289	1	130	1
4290	1	45	0.5
4291	1	60	0.5
4292	1	71	0.5
4293	1	51	0.4
4294	1	25	0.3
4295	1	18	0.4
4296	1	21	0.3
4297	1	36	0.2
4298	1	18	0.1
4299	1	100	2
4300	1	36	0.4
4301	1	310	6.2
4302	1	260	3.1
4303	1	30	0.4
4304	1	122	1.1
4305	1	95	0.8
4306	1	50	0.5
4307	1	61	0.6
4308	1	20	0.3
4309	1	43	0.4
4310	1	35	0.5
4311	1	28	0.3
4312	1	87	0.7
4313	1	50	0.5
4314	1	29	0.2
4315	1	18	0.3
4316	1	24	0.2
4317	0	23	0.5
4318	1	20	0.4
4319	1	20	0.4
4320	1	14	0.4
4321	1	18	0.3
4322	1	26	0.5
4323	1	29	0.4
4324	1	46	0.3
4325	1	90	0.7
4326	1	102	0.7
4327	1	54	0.6
4328	1	104	0.9
4329	1	65	0.6
4330	1	34	0.5
4331	1	38	0.6
4332	1	65	0.5
4333	1	24	0.2
4334	1	35	0.5
4335	1	41	0.4
4336	1	62	0.7
4337	1	24	0.3
4338	1	43	0.4
4339	1	48	0.5
4340	1	35	0.4
4341	1	38	0.4
4342	1	34	0.3
4343	1	32	0.3
4344	1	44	0.4
4345	1	15	0.3
4346	1	14	0.3
4347	1	29	0.4
4348	1	32	0.4
4349	1	52	0.6
4350	1	42	0.5
4351	1	102	1.1
4352	1	110	1.1
4353	1	52	0.6
4354	1	115	1.1
4355	1	14	0.3
4356	1	73	0.8
4357	1	72	0.8
4358	1	42	0.7
4359	1	55	0.5
4360	1	32	0.4
4361	1	43	0.5
4362	1	37	0.5
4363	1	45	0.3
4364	1	22	0.3
4365	1	34	0.4
4366	1	27	0.3
4367	1	53	0.6
4368	1	63	0.8
4369	1	36	0.2
4370	1	65	0.5
4371	1	24	0.3
4372	1	14	0.2
4373	1	85	0.7
4374	1	48	0.5
4375	1	49	0.5
4376	1	70	0.7
4377	1	22	0.2
4378	1	72	0.6
4379	1	80	0.7
4380	1	105	0.9
4381	1	25	0.4
4382	1	27	0.3
4383	1	53	0.6
4384	1	63	0.8
4385	1	36	0.2
4386	1	65	0.5
4387	1	24	0.3
4388	1	14	0.2
4389	1	85	0.7
4390	1	48	0.5
4391	1	49	0.5
4392	1	70	0.7
4393	1	22	0.2
4394	1	72	0.6
4395	1	80	0.7
4396	1	105	0.9
4397	1	25	0.4
4398	1	22	0.2
4399	1	34	0.5
4400	1	23	0.4
4401	1	52	0.5
4402	1	43	0.5
4403	1	70	0.9
4404	0	80	2.4
4405	0	81	1.4
4406	0	51	0.7
4407	1	12	1
4408	1	53	0.5
4409	1	39	0.6
4410	1	68	0.5
4411	1	70	0.5
4412	1	23	0.3
4413	1	70	0.6
4414	1	52	0.5
4415	1	40	0.3
4416	1	32	0.5
4417	1	46	0.4
4418	1	35	0.4
4419	1	20	0.5
4420	1	60	0.6
4421	1	49	0.4
4422	1	31	0.3
4423	1	25	0.2
4424	1	65	0.6
4425	1	13	0.2
4426	1	77	0.7
4427	1	30	0.4
4428	1	104	0.9
4429	1	110	0.8
4430	1	71	0.7
4431	1	11	0.2
4432	1	21	0.3
4433	1	15	0.4
4434	1	25	0.4
4435	1	59	0.5
4436	1	30	0.3
4437	1	8	0.2
4438	1	9	0.3
4439	1	35	0.4
4440	1	55	0.7
4441	1	5	0.4
4442	1	4	0.1
4443	1	22	0.4
4444	1	80	0.8
4445	1	54	0.5
4446	1	28	0.3
4447	1	95	0.7
4448	1	60	0.5
4449	1	27	0.4
4450	1	21	0.3
4451	1	40	0.3
4452	1	13	0.1
4453	1	14	0.3
4454	1	23	0.3
4455	1	20	0.2
4456	1	13	0.5
4457	1	31	0.4
4458	1	27	0.5
4459	1	80	1.3
4460	1	17	0.4
4461	1	32	0.8
4462	1	32	0.7
4463	1	102	0.8
4464	1	140	1.1
4465	1	1	0.2
4466	1	102	1
4467	1	160	1.3
4468	1	36	0.3
4469	1	70	0.8
4470	1	36	0.5
4471	1	73	0.9
4472	1	38	0.5
4473	1	20	0.2
4474	1	34	0.3
4475	1	39	0.4
4476	1	35	0.3
4477	1	60	0.8
4478	1	15	0.4
4479	1	80	0.4
4480	1	17	0.2
4481	1	114	0.9
4482	1	120	1.1
4483	1	130	1.3
4484	1	100	1
4485	1	115	1.2
4486	1	106	0.9
4487	1	141	1.4
4488	1	40	0.5
4489	1	50	0.4
4490	1	88	1.1
4491	1	82	0.5
4492	1	92	1
4493	1	20	0.5
4494	1	20	0.6
4495	1	39	0.5
4496	1	125	1.5
4497	1	80	1.1
4498	1	120	1
4499	1	118	1.1
4500	1	114	1.2
4501	1	145	1.2
4502	1	148	0.8
4503	1	165	0.9
4504	1	80	0.8
4505	1	100	1
4506	1	50	0.6
4507	1	70	0.8
4508	1	80	0.8
4509	1	25	0.5
4510	1	52	0.9
4511	1	91	1.1
4512	1	80	0.7
4513	1	82	0.9
4514	1	86	1
4515	1	50	0.5
4516	1	92	0.9
4517	1	7	0.2
4518	1	6	0.2
4519	1	70	0.8
4520	1	75	0.5
4521	1	36	0.3
4522	1	76	0.6
4523	1	32	0.4
4524	1	20	0.2
4525	1	95	0.9
4526	1	68	0.6
4527	1	105	0.9
4528	1	32	0.4
4529	1	55	0.8
4530	1	35	0.4
4531	1	14	0.2
4532	1	18	0.5
4533	1	52	0.5
4534	1	35	0.4
4535	1	50	0.6
4536	1	103	0.6
4537	1	180	1.4
4538	1	160	1.5
4539	1	84	0.8
4540	1	32	0.4
4541	1	20	0.3
4542	1	46	0.4
4543	1	28	0.2
4544	1	29	0.4
4545	1	72	0.9
4546	1	41	0.5
4547	1	50	0.5
4548	1	55	0.6
4549	1	32	0.2
4550	1	22	0.4
4551	1	87	0.9
4552	1	121	1.3
4553	1	30	0.5
4554	1	26	0.4
4555	1	14	0.4
4556	1	79	1
4557	1	73	0.6
4558	1	20	0.4
4559	1	27	0.5
4560	1	36	0.4
4561	1	46	0.4
4562	1	79	0.5
4563	1	76	0.7
4564	1	81	0.7
4565	1	79	1.1
4566	1	88	0.8
4567	1	85	0.7
4568	1	42	0.3
4569	1	76	0.7
4570	1	69	0.8
4571	1	62	0.5
4572	1	170	1.8
4573	1	103	0.9
4574	1	120	1.1
4575	1	20	0.4
4576	1	17	0.4
4577	1	105	0.8
4578	1	68	0.7
4579	1	20	0.4
4580	1	110	1.1
4581	1	100	1
4582	1	81	0.6
4583	1	115	1.2
4584	1	110	1
4585	1	68	0.8
4586	1	12	0.4
4587	1	32	0.4
4588	1	55	0.4
4589	1	92	1
4590	1	104	0.7
4591	1	87	0.7
4592	1	55	0.5
4593	1	5	0.2
4594	1	67	0.5
4595	1	75	1
4596	1	16	0.2
4597	1	44	0.4
4598	1	57	0.3
4599	1	30	0.2
4600	1	23	0.2
4601	1	30	0.2
4602	1	93	0.8
4603	1	52	0.8
4604	1	60	0.5
4605	1	80	0.5
4606	1	87	0.5
4607	1	92	0.7
4608	1	120	1.4
4609	1	31	0.4
4610	1	29	0.6
4611	1	13	0.2
4612	1	72	1
4613	1	135	0.4
4614	1	83	0.5
4615	1	48	0.4
4616	1	42	0.4
4617	1	20	0.4
4618	1	32	0.5
4619	1	74	0.6
4620	1	47	0.6
4621	1	46	0.4
4622	1	56	0.5
4623	1	58	0.6
4624	1	51	0.4
4625	1	53	0.4
4626	1	24	0.3
4627	1	66	0.5
4628	1	147	1.4
4629	1	63	0.6
4630	1	130	1.2
4631	1	93	1
4632	1	34	0.4
4633	1	30	0.4
4634	1	22	0.8
4635	1	38	0.5
4636	1	175	2.1
4637	1	130	1
4638	1	27	0.4
4639	1	130	1.1
4640	1	85	0.7
4641	1	97	0.7
4642	1	46	0.9
4643	1	32	1.4
4644	1	47	0.5
4645	1	70	0.5
4646	1	58	0.4
4647	1	61	0.6
4648	1	31	0.4
4649	1	80	0.5
4650	1	76	0.6
4651	1	34	0.5
4652	1	34	0.3
4653	1	25	0.7
4654	1	26	0.3
4655	1	60	0.6
4656	1	34	0.3
4657	1	20	0.1
4658	1	36	0.7
4659	1	26	0.5
4660	1	27	0.6
4661	1	65	0.6
4662	1	68	0.8
4663	1	40	0.6
4664	1	44	0.5
4665	1	32	0.5
4666	1	13	0.2
4667	1	25	0.4
4668	1	33	0.5
4669	1	9	0.2
4670	1	37	0.3
4671	1	62	0.8
4672	1	56	0.5
4673	1	60	0.5
4674	1	36	0.4
4675	1	30	0.7
4676	1	60	0.9
4677	1	50	0.5
4678	1	63	0.7
4679	1	32	0.5
4680	1	14	0.7
4681	1	17	0.4
4682	1	65	0.6
4683	1	72	0.6
4684	1	75	0.8
4685	1	150	1.9
4686	1	85	0.6
4687	1	142	1.1
4688	1	142	1.3
4689	1	151	1.1
4690	1	135	1.1
4691	1	51	0.6
4692	1	57	0.7
4693	1	15	0.3
4694	1	27	0.3
4695	1	20	0.3
4696	1	20	0.3
4697	1	22	0.3
4698	1	21	0.3
4699	1	23	0.3
4700	1	22	0.4
4701	1	16	0.2
4702	1	40	0.5
4703	1	28	0.4
4704	1	44	0.4
4705	1	26	0.3
4706	1	24	0.6
4707	1	17	0.5
4708	1	17	0.4
4709	1	55	0.6
4710	1	47	0.5
4711	1	37	0.4
4712	1	77	0.7
4713	1	23	0.3
4714	1	69	0.8
4715	1	62	0.6
4716	1	47	0.5
4717	1	63	0.6
4718	1	52	0.5
4719	1	53	0.5
4720	1	8	0.2
4721	1	65	0.8
4722	1	24	0.4
4723	1	24	0.5
4724	1	16	0.2
4725	1	8	0.8
4726	1	35	0.3
4727	1	21	0.3
4728	1	26	0.5
4729	1	11	0.2
4730	1	11	0.4
4731	1	16	0.3
4732	1	57	0.6
4733	1	60	0.7
4734	1	88	0.9
4735	1	50	0.5
4736	1	75	0.6
4737	1	57	0.5
4738	1	32	0.4
4739	1	18	0.4
4740	1	35	0.5
4741	1	31	0.3
4742	1	30	0.4
4743	1	21	0.3
4744	1	73	0.7
4745	1	30	0.3
4746	1	20	0.3
4747	1	12	0.7
4748	1	60	0.6
4749	1	10	0.2
