Assimetria
0.068
0.17
-0.329
-0.586
0.787
-0.804
0.946
-1.09
-1.206
-1.266
-1.384
-1.526
2.606
-3.148
-5.279
0.319
-0.465
0.535
0.668
-0.718
0.891
0.983
1.229
-1.267
-1.46
-1.477
1.518
-2.035
-2.4
-3.353
0.029
-0.18
-0.243
-0.616
-0.618
-0.919
1.1
1.642
2.344
2.831
-2.842
-3.119
-3.125
4.154
-5.767
0.014
-0.151
0.153
-0.197
-0.277
-0.379
-0.608
-0.762
1.072
1.227
1.488
-2.078
2.247
-2.825
-2.887
0.063
0.234
0.327
0.368
-0.398
0.421
0.441
-0.49
-0.595
-0.78
-0.842
-1.083
1.289
-1.697
-1.785
-0.102
-0.116
-0.223
-0.256
-0.382
0.427
-0.453
0.506
-0.76
0.936
1.118
1.256
-1.785
2.002
-2.223
-0.086
0.096
-0.159
-0.31
1.056
-1.639
-1.799
1.885
-2.369
2.434
-2.902
3.07
-3.504
-4.21
-6.676
0.062
-0.129
-0.33
0.501
-0.793
-0.852
-0.857
0.878
-1.096
-1.188
-1.442
-1.726
-1.78
-1.888
-2.118
2.364
-0.133
0.365
-0.396
-0.469
-0.56
0.618
0.674
-0.865
-0.973
-1.034
-2.567
2.821
-3.234
-3.936
-5.819
-0.492
0.963
-1.722
-2.134
-2.298
-2.477
-2.552
2.636
-3.345
-3.623
-4.813
5.116
-6.052
-6.996
8.426
-0.361
0.386
1.234
-2.105
2.256
2.285
-2.382
2.496
2.963
-3.118
-3.884
4.06
-4.868
4.997
5.34
-0.004
-0.043
-0.048
-0.488
0.759
0.855
1.781
2.147
2.15
-2.329
2.707
3.306
-3.642
4.239
8.757
-0.709
0.818
0.898
-0.932
-1.118
1.205
1.36
1.522
1.65
-2.104
2.479
3.49
-5.164
5.687
-6.733
-0.001
0.194
0.268
-0.271
-0.339
-0.407
0.486
-0.518
-0.737
0.854
-1.018
1.341
1.78
1.78
-2.189
0.082
0.106
-0.141
0.184
-0.226
0.596
1.075
-1.256
-1.4
1.785
2.276
2.354
-3.502
-3.835
4.827
0.002
0.221
0.368
0.49
0.551
-0.561
0.62
-0.717
1.009
-1.239
-1.29
1.762
2.735
2.791
5.78
-0.215
0.239
0.335
-0.661
-0.732
-0.808
-0.964
1.271
-1.663
-1.721
-1.78
-2.072
-2.997
-3.575
3.923
0.237
0.305
0.6
0.757
-0.835
1.869
-1.967
2.064
2.543
-2.868
-2.905
-3.482
4.701
-5.203
5.373
-0.062
0.248
0.899
0.899
0.941
-1.091
1.304
-1.386
1.39
1.742
-1.942
-2.011
-2.644
-2.803
4.377
0.031
-0.059
-0.321
-0.401
0.98
-0.983
1.079
1.399
1.447
-1.751
-1.762
-2.004
2.642
-2.815
-3.444
0.025
-0.119
-0.173
-0.538
0.866
0.983
-1.168
-1.439
-1.481
-1.515
-1.917
-2.365
-2.467
2.996
3.271
-0.206
0.284
-0.36
-0.36
0.685
0.971
1.078
1.081
-1.129
-1.246
-1.923
2.229
-2.395
3.255
0.2
0.239
-0.293
-0.355
-0.606
1.103
1.205
1.263
-1.297
-1.513
-1.585
-1.593
-1.967
4.418
-4.437
-5.31
-0.112
-0.171
0.498
0.535
0.798
0.995
-1.025
-1.08
-1.894
-2.354
3.082
3.891
4.069
-4.145
4.868
0.119
-0.24
0.248
-0.993
1.003
-1.035
-1.055
1.581
1.838
-1.902
-2.597
-2.91
4.359
4.653
-6.267
-0.171
0.219
0.339
0.47
-0.505
-0.713
-1.055
-1.502
1.612
-2.067
3.14
-3.214
3.392
-4.007
5.999
-0.188
0.449
-0.95
1.275
-1.282
-1.319
1.406
2.013
2.126
2.221
2.401
-3.976
-4.144
-4.962
-5.672
0.228
0.311
0.741
1.074
1.422
-1.426
1.616
-1.784
1.841
1.88
-2.668
2.933
-3.616
-4.646
6.014
-0.077
-0.537
-0.92
1.093
-1.225
1.477
-1.761
1.772
-2.032
-2.492
2.835
3.084
3.254
3.966
4.563
0.051
0.291
-0.306
0.369
-0.884
0.949
-1.053
1.072
1.281
-1.677
-2.538
-4.139
4.289
5.193
7.238
-0.315
0.617
0.784
0.808
-0.905
-1.076
1.289
1.399
-1.426
1.605
2.032
2.197
-2.254
-4.139
4.442
-0.115
0.142
0.273
0.396
-0.469
-0.577
1.039
1.407
1.451
1.468
-1.646
1.651
1.675
-2.085
3.572
0.068
0.109
0.377
-0.381
0.52
-0.539
0.755
-0.772
0.831
-0.847
0.857
0.925
1.006
-1.057
1.17
0.135
0.175
0.475
0.509
0.883
-1.131
1.179
-1.589
-1.589
1.595
1.719
3.085
3.344
-3.646
6.006
-0.187
0.296
0.451
0.705
0.739
0.981
-1.015
1.137
1.706
1.767
2.322
3.117
3.198
-6.018
6.226
0.154
0.303
-0.361
0.542
0.571
-1.756
1.921
-2.23
2.871
-3.039
-3.208
-3.234
3.26
3.517
-4.142
0.047
-0.721
0.77
-0.909
0.952
-1.031
-1.255
-1.764
-1.818
-2.353
2.804
2.807
3.066
-3.349
3.825
-0.019
-0.491
0.697
0.872
-0.921
1.073
1.267
1.486
1.739
-1.753
1.846
-2.663
4.321
5.116
5.96
-0.474
0.626
1.231
-1.345
-1.623
-1.858
2.547
2.69
2.776
3.304
-3.554
-3.76
4.555
-6.017
7.44
0.174
-0.515
0.534
-0.71
-0.888
-1.114
1.533
1.788
2.102
2.161
2.289
-3.497
3.547
4.273
6.273
-0.001
-0.01
0.066
0.113
0.199
0.471
-0.651
0.856
-0.894
-0.929
-0.952
-1.117
1.479
1.575
-1.577
-0.004
0.048
-0.205
0.404
-0.416
0.519
-0.882
-0.891
1.097
1.206
2.327
2.572
2.682
4.446
5.442
-0.276
0.367
0.387
0.766
-0.832
-1.03
1.45
-1.501
1.617
-1.968
-2.525
2.541
-3.105
3.664
-3.993
-0.121
-0.151
-0.243
0.45
-0.787
-1.46
1.694
-1.971
2.047
2.074
3.202
4.03
-4.295
-4.711
-4.884
-0.362
-0.385
0.427
-0.756
-0.789
0.798
-0.979
1.255
-1.289
1.501
1.941
-2.006
2.187
2.408
-2.585
0.255
0.274
-0.862
-0.921
1.426
-1.449
1.506
1.652
-1.663
1.689
1.708
-1.923
1.93
1.938
6.08
0.014
-0.039
-0.352
-0.517
0.671
0.696
0.71
-0.805
0.82
0.827
1.048
-1.055
-1.423
-1.796
2.33
-0.053
-0.054
-0.103
-0.124
-0.225
0.243
-0.282
-0.373
-0.389
-0.563
0.917
-1.006
1.211
1.265
-1.459
-0.113
-0.245
-0.382
-0.442
-0.457
0.62
-0.871
0.987
1.031
1.084
1.126
1.343
1.574
2.049
2.47
0.047
-0.066
0.158
-0.221
0.358
-0.612
0.824
1.079
-1.122
-1.171
1.205
1.281
1.78
1.785
2.436
-0.03
0.07
-0.202
-0.958
1.327
-1.544
-1.62
1.72
2.254
2.661
-3.05
3.973
4.692
4.872
5.613
-0.063
-0.1
-0.307
-0.404
-0.627
-0.762
-1.116
1.139
-1.443
1.944
2.098
-2.271
3.031
-3.698
-4.298
-0.122
0.2
-1.009
1.056
1.246
1.261
-1.319
-1.598
-1.651
2.228
-2.748
3.066
-3.537
-4.331
5.94
0.012
0.037
-0.166
0.257
-0.435
0.535
0.647
0.883
0.937
-1.096
1.249
1.379
-1.473
-1.484
3.555
-0.075
-0.111
-0.362
0.386
0.586
-0.769
-0.899
0.91
0.983
1.393
-1.418
1.639
-4.206
4.417
5.2
0
0.053
0.2
0.293
0.64
0.837
-0.848
1.062
1.631
2.14
-2.316
2.675
2.798
-7.567
-11.017
0.046
-0.089
0.09
-0.268
-0.28
0.895
1.09
1.336
-1.396
-1.413
1.418
-1.525
1.836
-2.912
-3.438
-0.383
0.498
0.621
-1.087
1.133
1.177
1.35
1.388
1.642
2.824
3.41
3.951
4.053
-4.267
6.434
0.237
0.275
-0.716
-0.774
1.069
1.847
2.12
2.544
3.099
3.335
4.056
4.12
4.183
-4.227
4.384
0.387
-0.406
-0.634
-0.678
1.007
-1.123
1.166
1.373
-2.127
-2.286
-2.401
-2.437
2.51
3.716
-3.944
-0.042
-1.018
1.023
1.11
-1.379
-1.727
2.052
-2.074
2.317
-2.926
3.081
3.813
4.428
4.653
-5.014
0.107
-0.492
1.178
-1.394
1.463
1.584
-2.012
-2.335
3.645
3.92
6.573
0.063
-0.149
0.496
-0.557
0.655
0.669
0.734
0.744
0.808
1.033
1.193
1.382
2.254
-2.462
5.786
0.196
0.531
0.592
0.687
-0.864
-0.958
0.999
1.245
1.452
-1.708
-3.136
-3.258
3.482
4.075
4.556
0.021
0.195
-0.462
-0.625
0.71
-0.852
-1.192
-1.626
-1.666
1.697
3.626
3.681
5.05
5.704
6.916
-0.414
0.417
-0.799
0.87
-1.183
1.587
1.729
-1.974
-2.411
2.51
2.516
2.83
3.484
5.43
-5.61
-0.083
-0.256
0.454
0.504
-0.635
-0.909
-1.224
1.247
2.164
2.329
2.502
-3.18
-3.556
-4.426
-4.67
0.005
-0.047
-0.457
-0.705
1.011
-1.026
1.055
1.688
2.378
-2.627
2.674
2.736
-2.75
-3.456
3.852
-0.399
0.742
-0.814
0.951
1.205
-1.61
2.062
2.243
2.344
2.853
-3.306
3.651
4.229
4.293
-6.333
-0.099
0.269
-0.605
0.767
-0.861
-0.938
-1.132
1.19
2.196
2.563
3.369
3.474
-4.155
-5.138
-6.739
