Transect	Plot	x	y	PropBurntInd	PropBurntStems	BAlive	Nindlive	BAwoody	BAnonwoody	BAdead	NindAd	NindAdBr	NindBr	NindM	NindPl	NindNL
1	1	102.5	2.5	0.4166666667	0.2	271.019307752	24	269.448511425	1.570796327	17.66360469	16	0	8	0	0	8
1	2	102.5	7.5	0.8571428571	0.7321428571	55.97446316	19	36.61243494	19.36202822	86.49676367	4	0	15	2	0	15
1	3	102.5	12.5	1	0.5714285714	19.218693059	3	18.07201174	1.146681319	10.13163631	1	0	2	0	0	2
1	4	102.5	17.5	0.5	0.5238095238	52.97007957	6	51.0587346	1.91134497	18.2184885	5	0	1	0	0	1
1	5	102.5	22.5	0.6666666667	0.3333333333	22.80796266	6	18.04844979	4.75951287	4.162610266	3	1	2	0	0	2
1	6	102.5	27.5	1	0.5	3.337942195	1	2.83528737	0.502654825	1.083849465	0	1	0	0	0	0
1	7	102.5	32.5	0	0	8.835729338	2	8.835729338	0	1.735729941	2	0	0	0	0	0
1	8	102.5	37.5	0.1666666667	0	42.018801742	13	41.688934513	0.329867229	15.19745446	10	1	1	1	1	2
1	9	102.5	42.5	0	0	105.227645906	11	105.227645906	0	9.511171759	10	1	0	0	0	0
1	10	102.5	47.5	0.25	0.0434782609	89.236939329	4	89.236939329	0	9.731083244	4	0	0	0	0	0
1	11	102.5	52.5	1	1	17.26305163	8	0	17.26305163	47.8543101	0	0	8	3	0	8
1	12	102.5	57.5	1	0.8958333333	31.620130061	20	3.801327111	27.81880295	92.02510281	0	1	19	1	0	19
1	13	102.5	62.5	0.9285714286	0.9	37.71450565	13	12.401437	25.31306865	90.24224897	4	1	8	1	0	8
1	14	102.5	67.5	1	1	40.762164683	9	8.042477193	32.71968749	93.67443895	1	0	8	0	0	8
1	16	102.5	77.5	1	1	21.27643625	3	0	21.27643625	67.23793677	0	0	3	0	0	3
1	17	102.5	82.5	1	1	16.28130393	9	0	16.28130393	42.74922203	0	0	9	0	0	9
1	18	102.5	87.5	1	1	25.47046244	18	0	25.47046244	57.75818094	0	0	18	1	0	18
1	19	102.5	92.5	1	1	38.84579316	21	0	38.84579316	86.07963871	0	0	21	1	0	21
1	20	102.5	97.5	1	1	24.92068372	12	0	24.92068372	110.772557	0	0	12	0	0	12
2	1	77.5	2.5	0.8	1	9.346238145	6	0	9.346238145	6.157521601	0	0	5	0	1	6
2	2	77.5	7.5	1	1	8.199556826	3	0	8.199556826	35.9633819	0	0	3	0	0	3
2	3	77.5	12.5	0.8461538462	0.380952381	21.731967181	12	17.514379044	4.217588137	2.528982086	6	3	3	1	0	3
2	4	77.5	17.5	0.4838709677	0.2537313433	59.10906578	32	56.799995179	2.309070601	14.93041909	21	5	4	0	2	6
2	5	77.5	22.5	0.5	0.4285714286	62.462715936	11	58.77919855	3.683517386	6.000441968	7	0	2	1	2	4
2	6	77.5	27.5	0.875	0.4285714286	17.702874599	10	15.92787475	1.774999849	4.154756284	3	2	3	0	2	5
2	7	77.5	32.5	0.3333333333	0.1333333333	88.404417274	6	87.80751467	0.596902604	10.479175	5	0	1	0	0	1
2	8	77.5	37.5	0.5714285714	0.4782608696	68.172560585	7	68.039042897	0.133517688	8.011061267	5	2	0	0	0	0
2	9	77.5	42.5	0.5	0.1428571429	27.15121451	6	27.15121451	0	15.73937919	6	0	0	1	0	0
2	10	77.5	47.5	1	0.7894736842	46.856854425	6	46.856854425	0	0.636172512	6	0	0	0	0	0
2	11	77.5	52.5	0.7647058824	0.5454545455	114.730963705	14	97.279416515	17.45154719	40.36161162	11	0	3	4	0	3
2	12	77.5	57.5	1	1	7.367034773	1	0	7.367034773	22.34457775	0	0	1	0	0	1
2	14	77.5	67.5	1	1	19.02744861	2	0	19.02744861	38.7436914	0	0	2	0	0	2
2	15	77.5	72.5	0.8	0.9444444444	13.720905912	5	2.269800692	11.45110522	51.60851332	1	0	4	0	0	4
2	16	77.5	77.5	1	0.96875	31.31421747	14	0	31.31421747	128.8759846	0	0	14	1	0	14
2	17	77.5	82.5	1	0.75	6.000441968	2	0	6.000441968	15.98285263	0	0	2	0	0	2
2	18	77.5	87.5	1	1	43.11686691	14	0	43.11686691	126.8339494	0	0	14	0	0	14
2	19	77.5	92.5	1	1	15.70796327	6	0	15.70796327	90.94125334	0	0	6	1	0	6
2	20	77.5	97.5	1	0.9722222222	61.308180633	10	51.72632304	9.581857593	58.21371187	0	2	8	3	0	8
3	1	52.5	2.5	1	1	5.175773897	6	0	5.175773897	12.09513172	0	0	6	0	0	6
3	2	52.5	7.5	1	1	11.60944149	8	0	11.60944149	19.06161343	0	0	8	0	0	8
3	3	52.5	12.5	1	1	9.880308896	13	0	9.880308896	26.22444468	0	0	13	1	0	13
3	4	52.5	17.5	1	1	5.694136685	10	0	5.694136685	12.39358302	0	0	10	0	0	10
3	5	52.5	22.5	1	1	18.59822851	10	0	18.59822851	24.90497576	0	0	10	0	0	10
3	6	52.5	27.5	1	1	37.322984659	12	8.694357669	28.62862699	66.09125545	0	2	10	0	0	10
3	7	52.5	32.5	1	1	87.79966069	15	71.95032575	15.84933494	30.22212133	1	2	12	0	0	12
3	8	52.5	37.5	1	1	30.89976286	9	4.6181412	26.28162166	86.37809001	1	1	7	1	0	7
3	9	52.5	42.5	0.5384615385	0.2682926829	109.987158799	13	109.70441546	0.282743339	77.97432966	10	2	1	0	0	1
3	10	52.5	47.5	1	0.625	8.765043504	3	4.508185458	4.256858046	6.903649856	1	0	2	0	0	2
3	11	52.5	52.5	1	1	36.89015173	13	0	36.89015173	82.00342224	0	0	13	1	0	13
3	12	52.5	57.5	1	1	8.765043504	3	0	8.765043504	4.453207586	0	0	3	0	0	3
3	14	52.5	67.5	1	1	2.3090706	1	0	2.3090706	2.269800692	0	0	1	0	0	1
3	15	52.5	72.5	1	1	16.13207828	4	0	16.13207828	16.67400301	0	0	4	0	0	4
3	17	52.5	82.5	1	1	11.01913623	5	0	11.01913623	38.85364714	0	0	5	0	0	5
3	18	52.5	87.5	1	1	30.2770992	6	0	30.2770992	76.62344482	0	0	6	0	0	6
3	19	52.5	92.5	1	1	3.282964323	4	0	3.282964323	4.696681017	0	0	4	0	0	4
3	20	52.5	97.5	1	1	54.12178744	12	28.22720999	25.89457745	45.86725274	0	1	11	0	0	11
4	1	27.5	2.5	1	0.8461538462	52.90442029	15	40.42444347	12.47997682	88.85209423	0	1	14	1	0	14
4	2	27.5	7.5	1	1	17.95420202	14	0	17.95420202	127.9413608	0	0	14	1	0	14
4	3	27.5	12.5	0.84375	0.7833333333	75.885170545	32	54.23959716	21.645573385	65.44722896	5	1	25	1	1	26
4	4	27.5	17.5	0.95	0.9333333333	49.762827635	20	42.584288422	7.178539213	63.42875568	6	1	13	0	0	13
4	5	27.5	22.5	1	1	3.196570525	2	0	3.196570525	10.28086196	0	0	2	0	0	2
4	6	27.5	27.5	0.625	0.2222222222	13.720905914	8	9.888162877	3.832743037	11.1605079	3	1	4	0	0	4
4	7	27.5	32.5	0.6111111111	0.2419354839	73.191254847	18	70.654418779	2.536836068	18.6453524	13	4	1	0	0	1
4	8	27.5	37.5	1	1	71.612604543	5	61.975769078	9.636835465	28.10154629	2	1	2	0	0	2
4	9	27.5	42.5	1	1	5.733406593	6	0	5.733406593	10.16305223	0	0	6	0	0	6
4	10	27.5	47.5	1	1	3.204424507	3	0	3.204424507	5.866924281	0	0	3	0	0	3
4	11	27.5	52.5	0.8	0.8888888889	11.67887069	5	4.523893421	7.154977269	12.72345025	1	0	4	0	0	4
4	12	27.5	57.5	0.875	0.8888888889	9.197012494	7	0.196349541	9.000662953	28.13296221	1	0	6	1	0	6
4	13	27.5	62.5	0.5	0	84.524550343	13	83.45640884	1.068141503	0	3	0	3	0	7	10
4	14	27.5	67.5	0.9444444444	0.5806451613	182.212373918	19	177.020892058	5.19148186	18.18196748	3	3	12	0	1	13
4	15	27.5	72.5	1	1	8.929977118	4	0	8.929977118	19.29723287	0	0	4	0	0	4
4	16	27.5	77.5	1	1	6.809402077	3	0	6.809402077	16.92533042	0	0	3	0	0	3
4	17	27.5	82.5	1	1	15.857188923	10	4.099778413	11.75741051	26.99413488	0	2	8	1	0	8
4	18	27.5	87.5	0.9090909091	0.6896551724	43.09479723	11	24.1195776	18.97521963	32.55475387	2	0	9	0	0	9
4	19	27.5	92.5	1	1	17.23948969	13	0	17.23948969	33.45796176	0	0	13	0	0	13
4	20	27.5	97.5	1	1	21.24502032	13	0	21.24502032	31.35309468	0	0	13	0	0	13
5	1	2.5	2.5	1	1	0.455530935	3	0	0.455530935	0.353429174	0	0	3	0	0	3
5	2	2.5	7.5	0.8461538462	0.7647058824	11.43539726	13	8.443030257	2.992367003	5.419247327	5	0	8	0	0	8
5	3	2.5	12.5	0.7179487179	0.328125	161.988371227	38	159.60076081	2.387610417	11.82809634	19	6	12	2	1	13
5	4	2.5	17.5	0.8461538462	0.8666666667	13.31249887	12	11.160507902	2.151990968	22.04612645	4	0	8	1	0	8
5	5	2.5	22.5	0.8666666667	0.8666666667	19.760617792	15	14.302100556	5.458517236	18.90453379	5	0	10	0	0	10
5	6	2.5	27.5	1	1	12.44353434	15	0	12.44353434	61.44169832	0	0	15	0	0	15
5	7	2.5	32.5	1	1	7.414158662	9	0	7.414158662	32.20917868	0	0	9	0	0	9
5	8	2.5	37.5	1	1	33.81924492	8	21.23716634	12.58207858	38.15464278	0	1	7	1	0	7
5	9	2.5	42.5	1	1	7.029313562	5	0	7.029313562	48.89888965	0	0	5	1	0	5
5	10	2.5	47.5	0.76	0.6170212766	46.974664157	25	38.33528436	8.639379797	13.21825109	12	3	10	0	0	10
5	11	2.5	52.5	0.8571428571	0.9230769231	29.735174466	7	23.208515728	6.526658738	31.28240885	2	1	4	0	0	4
5	12	2.5	57.5	1	1	11.2469017	12	0	11.2469017	49.46437633	0	0	12	0	0	12
5	13	2.5	62.5	0.8888888889	0.8709677419	47.5087349	9	30.67765226	16.83108264	68.23539244	3	0	6	0	0	6
5	14	2.5	67.5	1	1	56.40729609	18	40.8799744	15.52732169	81.85419659	2	1	15	1	0	15
5	15	2.5	72.5	1	1	16.74468884	17	0	16.74468884	31.30597079	0	0	17	0	0	17
5	16	2.5	77.5	0.8	0.6	12.330751165	5	6.448118921	5.882632244	12.91979979	1	0	4	0	0	4
5	17	2.5	82.5	1	1	12.33075117	9	0	12.33075117	39.86681077	0	0	9	0	0	9
5	18	2.5	87.5	1	1	61.29247267	15	0	61.29247267	66.2404811	0	0	15	0	0	15
5	19	2.5	92.5	1	1	18.03274183	10	0	18.03274183	30.48130272	0	0	10	0	0	10
5	20	2.5	97.5	1	1	25.50973235	15	0	25.50973235	54.07466355	0	0	15	0	0	15
