Status,Desenvolvimento,PeriodoDeAtividade,Desova,AltitudeMaxima
0,2,1,47.5,1200
1,2,1,8.3,1000
0,1,1,6.15,1000
0,NA,NA,NA,NA
0,1,1,10,1600
0,1,1,8,900
0,1,1,14.3,1200
0,1,1,12.05,1200
0,1,1,8.605,700
0,1,1,11,1300
0,1,3,17,900
1,1,1,11.8,1000
0,1,1,12.65,1400
0,1,1,11.45,1800
0,1,1,13.25,1300
0,1,NA,8,950
0,1,1,23.35,1000
0,1,3,27.7,1200
0,1,3,24.35,1200
0,1,3,24.25,1200
0,1,NA,22,1200
0,NA,2,32.4,800
0,1,3,33.1,1300
0,1,NA,27,1200
0,1,2,17.95,900
0,NA,NA,15.9,650
0,1,3,14,400
0,1,2,16.7,2150
0,1,3,22.6,2400
1,1,2,25.35,700
0,NA,NA,17.2,2150
0,1,2,19.2,800
0,1,2,36.15,40
0,1,NA,14.7,800
0,1,2,18,1000
0,1,2,20.35,800
0,1,3,20.35,600
0,1,2,23,700
0,NA,2,41.3,800
0,NA,NA,26.2,13
0,2,2,20,1100
0,2,2,14.6,900
0,2,NA,18,800
0,2,2,21,NA
0,NA,2,20.4,920
0,2,2,21,800
1,NA,1,15.25,0
0,2,2,13.4,820
0,2,1,24,2400
1,2,1,22.35,0
1,2,1,36,750
1,2,3,33,1100
1,2,3,NA,370
0,2,2,25,1300
0,2,1,28.85,550
0,2,NA,24.15,1200
0,2,2,66.7,0
0,2,2,80.05,900
0,2,2,57.75,1000
0,2,2,64.7,1000
0,2,2,49.9,500
0,2,2,52.75,600
0,2,2,46.9,1500
0,2,2,44.65,50
0,2,2,45.75,0
0,2,2,110,500
0,NA,2,133,1200
0,2,2,147.48,500
0,NA,2,180,2000
0,2,2,18.18,1700
0,2,2,21.05,1200
0,2,2,101,1000
0,2,2,84,200
0,1,2,35.3,1200
0,1,NA,20,800
0,1,3,17,800
0,1,3,16,600
0,1,3,15,650
1,1,NA,33.5,2000
1,1,2,35.75,2000
0,1,2,27,130
0,1,2,18,800
0,1,NA,19,800
0,1,2,40.7,1200
0,NA,2,24.3,2050
0,2,2,38,700
0,2,2,31,1000
1,2,NA,29.9,800
0,2,2,41.1,1100
1,2,2,34.55,150
0,2,NA,26.9,2740
0,2,2,45,800
0,2,2,59.3,1200
0,2,2,47.5,1000
0,2,2,33.5,1000
0,2,2,29.375,200
0,2,2,43.5,900
0,2,2,45.2,150
1,2,NA,32,1200
0,2,2,60.5,1500
1,NA,NA,NA,800
1,2,2,57.5,1000
0,2,2,66.6,820
0,2,2,30,650
0,2,2,18.8,1100
0,1,3,12.6,1000
1,1,3,12.25,1000
0,1,2,12,100
0,1,2,11.1,800
0,2,2,20.4,1800
0,2,2,28,1000
0,2,2,27.55,1200
0,1,2,55,1400
0,1,2,57.7,NA
0,1,2,42.35,1500
0,1,2,28.35,30
0,2,2,57.75,20
0,2,2,46,0
0,2,2,75,500
1,NA,2,56.05,280
0,2,2,39,800
0,2,2,37,1500
0,2,2,31,1100
0,2,2,33.4,300
0,2,2,38,650
0,2,2,43.5,1200
0,2,2,46,1800
0,2,2,34,800
0,2,2,39,270
0,2,2,43,1600
0,2,2,31.8,20
0,2,2,43.73,800
0,2,2,39.66,1200
0,2,2,40,1100
0,2,2,63.75,655
0,2,2,64,NA
0,2,2,60.15,1200
0,2,2,58.25,1000
0,2,2,39.1,1200
0,2,2,48.4,30
0,2,2,57.8,870
1,2,NA,44.95,1000
0,2,2,41,800
0,2,2,64,800
0,2,2,42.05,1300
0,2,2,41.1,1300
0,2,2,36,500
0,2,2,27.4,800
0,2,2,41,800
0,2,2,33.5,900
0,2,2,33.5,1000
0,2,2,32,NA
0,2,2,22,1200
0,2,2,27.5,1100
0,2,2,17,700
0,2,2,14,100
0,2,2,17.625,0
0,2,2,18.5,100
0,2,2,20,1500
0,2,2,16.5,970
0,2,2,16,NA
0,2,2,16.5,1000
0,2,2,19,800
0,2,2,20.3,2000
0,2,2,26.1,1100
0,2,2,24.3,1600
0,2,2,26.2,800
0,2,2,59.55,2000
0,2,2,71,400
0,2,2,49.5,1100
0,2,2,54.4,2300
0,2,2,90.05,130
0,2,2,84.7,800
0,2,2,62.4,1100
0,2,2,55.5,1000
0,2,2,45.8,1100
0,2,2,33.425,500
0,2,2,33.6,800
1,2,2,36.2,700
1,NA,NA,45.8,800
0,2,2,36,200
0,2,2,48.35,1700
0,2,2,48,1500
0,2,2,38.1,780
0,2,2,29.5,900
0,2,2,45.4,1400
0,2,2,39,1250
1,2,2,40.65,1200
0,2,2,28.2,1200
0,2,2,35.8,700
0,2,2,30,1400
0,2,2,52.3,140
0,2,2,42.41,800
0,2,2,70.955,700
1,2,NA,26,650
0,2,2,25.55,400
0,2,NA,24,550
0,2,NA,26,650
0,2,3,40,600
0,2,2,19,650
0,2,2,22.7,800
0,2,2,24,NA
0,2,2,39.45,1000
0,2,2,41.1,1100
0,2,2,38.25,500
0,2,2,31.45,500
0,2,2,52.95,NA
0,2,3,18,30
0,2,2,28.5,1200
0,2,3,25.76,800
0,2,2,16.025,1100
0,2,2,34.75,1100
0,2,2,22.5,NA
0,2,2,31.5,800
0,2,2,23,600
0,2,2,37,1200
0,2,2,42,1300
0,2,2,26.5,900
0,2,2,24,1200
0,2,2,28.15,50
0,2,2,30,1200
0,2,2,22,700
0,2,2,17,1200
0,2,2,26.5,1200
0,2,2,21.65,1000
0,2,3,26.7,800
1,2,2,22.05,100
1,2,2,17.1,80
0,2,2,18,200
1,2,2,19.75,50
0,2,2,17.5,800
0,2,2,22.45,1200
0,2,2,25.795,600
0,2,2,27,200
0,2,2,26.76,1000
0,2,NA,23.05,960
0,NA,NA,19.3,1200
0,2,2,30.25,0
0,2,2,26.45,1200
0,2,2,23.45,1000
1,2,2,30,1000
0,2,2,41.235,1000
0,2,2,22.21,2000
0,2,2,47.1,1800
0,2,2,34.285,1200
0,2,2,39.98,1200
0,2,2,25.05,0
0,2,2,27.95,NA
0,2,2,36.21,1000
0,2,2,33.6,1100
0,2,2,25,1500
0,2,2,26,1000
0,2,2,36.3,900
0,2,2,26.085,910
0,2,2,31,1000
0,2,2,31,0
0,2,2,19,50
0,2,2,20,100
0,2,2,28,850
0,2,2,25,1200
0,2,2,98,800
0,2,2,57.55,950
0,2,2,53,1700
0,2,2,49.1,NA
0,2,3,63.655,800
0,2,2,80,0
0,2,2,85.5,285
0,2,NA,31.2,965
1,2,2,38,50
0,2,2,42.3,50
1,2,2,48,700
0,2,2,32.5,800
0,NA,NA,32.35,200
0,2,2,29,NA
0,2,2,35.05,1200
0,2,2,30.5 ,1000
0,2,2,35.65,800
0,2,2,64.75,900
0,2,2,65.4,1000
0,2,2,56.3,1000
0,2,2,57.68,500
0,2,2,56.25,1000
0,2,2,37.1,960
0,2,2,43,1000
0,2,3,24.1,1200
0,2,1,22,900
0,2,3,23.75,800
1,2,NA,22,600
0,2,3,29,1800
0,2,3,36.75,2200
1,NA,NA,NA,0
0,2,2,22,700
0,2,1,21.9,900
0,2,1,31.55,2000
0,2,1,39.85,1200
0,2,1,33,1200
0,NA,NA,34.75,1200
0,2,1,39.5,1100
0,2,1,38.5,1500
0,2,1,36.65,1000
0,2,1,24.2,2000
0,2,1,39.35,1000
0,2,1,27.725,900
0,2,1,24.05,NA
0,2,1,27.8,NA
0,2,1,32.4,850
0,2,1,31.29,1200
0,2,1,25.5,700
0,2,1,38,900
0,2,1,87.6,1500
0,2,1,88.6,900
0,2,1,107.05,900
0,2,2,15.5,650
0,2,2,17,800
0,2,2,21.4,760
0,2,2,23,850
1,NA,NA,20.75,2200
0,2,2,17.5,1000
0,2,2,29.59,2000
0,2,2,24.1,200
0,2,2,29,NA
0,2,2,26.83,1200
0,2,2,22,2350
0,2,2,25,1200
0,2,2,23,30
0,2,2,25.2,700
0,2,2,21.1,50
0,2,2,16.45,800
1,2,1,24.65,650
0,2,2,31.3,1200
0,NA,NA,22.95,1300
1,2,2,20.35,0
0,2,2,29.95,NA
1,2,2,43.8,1375
0,2,2,23.2,35
0,2,2,19.45,750
0,2,2,19.2,0
0,2,2,18.05,1200
0,2,2,21,500
0,2,2,19.75,800
0,2,2,26,500
0,2,3,15,1000
0,2,2,19,900
0,2,2,18.8,1100
0,2,2,25.1,1700
0,2,3,21.8,900
0,2,3,19.05,1200
0,2,2,17.85,800
0,2,2,21.195,0
0,2,2,36.25,1200
0,2,2,46.8,1700
0,2,2,46.5,2000
0,2,2,45,800
0,2,NA,NA,0
0,2,2,47,1000
0,2,2,54.45,1800
0,2,2,41,900
0,2,2,37,1200
0,2,2,43,900
0,2,2,51,NA
0,2,2,99.555,1400
0,2,2,90,790
0,2,2,52,450
0,2,2,39.15,900
0,2,2,34.3,1000
0,2,2,127,800
0,2,2,152.5,1000
0,2,2,145.45,NA
0,1,2,22,1100
0,2,2,41.3,500
0,2,2,42,NA
0,2,2,31.4,60
0,2,2,18,200
1,2,NA,23.05,0
0,2,2,23.5,40
0,2,2,15.6,60
0,2,2,16.9,120
0,2,3,20.9,800
0,2,2,16.65,1227
0,2,2,22.75,550
0,2,2,42.33,60
0,2,2,27.2,200
0,2,2,25.2,675
0,2,2,85,600
0,2,2,43.85,2000
0,2,2,37.65,0
0,2,2,60.5,1035
0,2,2,55.75,NA
0,2,2,26.55,NA
0,2,2,39.65,NA
0,2,2,51,NA
0,2,3,44.5,NA
0,2,2,11.3,1000
